Conversion of an object of class 'genind' into a GENEPOP file with the package 'graph4lg'                     
AGBro110
AGBro116
AGBro12
AGBro144
AGBro153
AGBro161
AGBro218
AGBro227
AGBro234
AGBro266
AGBro299
AGBro307
AGBro32
AGBro337
AGBro375
AGBro403
AGBro467
AGBro480
AGBro487
AGBro76
AGBro9
Pop                     
Arendschot_D73, 103106 223225 211211 000000 165165 254254 308308 162166 000000 118118 118120 227227 000000 122122 273277 146162 173179 173173 152161 000000 107107
Arendschot_D74, 103112 225225 203203 168168 165167 254254 308310 162166 276278 116118 116116 227230 139139 122128 273273 146162 161173 173173 152161 112112 107107
Arendschot_D76, 103103 000000 203203 168168 165167 254258 308310 162162 276276 116116 000000 227227 139139 122128 000000 000000 000000 173178 158164 112115 105107
Arendschot_D77, 103106 223225 201211 168172 165165 254258 308308 162166 272272 116116 116116 227230 139139 122122 273273 146162 176176 173173 152152 112112 105107
Arendschot_D78, 103103 223223 203211 168168 165165 254254 308310 162162 276276 116116 116118 230230 139139 122128 273273 126146 173197 173173 158158 115115 105105
Arendschot_D80, 103103 223223 211211 176176 165165 254258 308310 162162 276278 116116 116118 230230 139139 122128 273273 134146 197197 173173 158164 112115 105105
Arendschot_D72, 103109 227227 207207 160160 165165 258258 308310 162162 000000 000000 000000 000000 139139 122122 000000 150150 000000 000000 161161 112115 107107
Arendschot_D79, 103109 225225 203203 176176 163165 258258 308308 162166 000000 116118 114116 000000 135139 122128 273273 134142 197197 173178 158161 112115 105105
Arendschot_D81, 103103 223225 207207 168168 165167 254258 308310 162162 276278 116116 116118 227227 139139 122128 273273 146146 173173 173178 158164 112115 105107
Pop                     
Averbode_P15, 103109 225225 203207 000000 165167 250254 000000 174174 000000 116116 116116 000000 000000 000000 273273 134162 170182 000000 161164 000000 103107
Averbode_P21, 103106 223223 211211 168168 165165 258258 308308 162166 272276 116118 116116 227230 139139 122128 273273 146162 179185 173173 161161 112115 107109
Averbode_P22, 109109 223223 203211 168176 163165 250258 308310 162166 272278 116116 116116 230230 143143 122122 273277 150175 179179 168173 161164 112115 107107
Averbode_P23, 109109 223225 209209 156176 165165 250254 308308 162162 272278 118118 116120 230230 139143 122122 273277 142142 167182 178178 161164 112118 105113
Averbode_P24, 103109 223223 207209 176176 165165 254258 308308 162166 278278 116118 116116 227230 139143 122122 273273 142158 197197 173178 161161 112112 103103
Averbode_P25, 103109 225225 203207 172176 165167 250254 308308 000000 272276 116118 116116 230230 135143 122122 273273 134134 179179 178178 161164 112115 000000
Averbode_P26, 106109 225225 217217 156168 165165 254254 308308 000000 276276 118118 116116 000000 139139 125128 277277 134142 179179 173178 152164 115115 097097
Averbode_P28, 106106 223223 203203 000000 165165 254258 310310 162162 000000 116116 116116 230230 000000 122125 273273 150175 179179 173178 161164 000000 099099
Averbode_P29, 109112 225225 211211 156168 165165 250254 308308 162162 276276 118118 116116 230230 139139 122128 277277 134142 179179 173178 152164 112115 103109
Pop                     
FortNapoleon_G304, 106109 223227 207211 176184 165167 258258 308308 146154 278278 116118 116120 227230 139139 122125 273273 150150 179179 173173 161164 115118 103109
FortNapoleon_G305, 103109 223225 205207 160176 165167 254258 308310 146162 278278 116118 116116 227230 139143 122125 273273 146150 179179 183183 161161 112112 107107
FortNapoleon_G306, 109109 223223 203203 176184 165169 254258 308308 146162 278278 116118 116116 227227 139139 122125 273273 146146 173173 178178 152164 112115 107107
FortNapoleon_G308, 106109 223225 207211 168168 163165 258258 000000 162162 278278 116116 116116 227230 143143 000000 273273 150166 173173 000000 161161 112115 103105
FortNapoleon_G309, 000000 223223 207207 160172 165167 258258 308308 154166 278278 116116 116116 230230 139143 122125 273273 146150 167173 173173 000000 112115 107109
FortNapoleon_G310, 106106 223223 000000 168176 167167 000000 310310 162178 272278 116116 116120 227230 139139 122122 273277 134150 173176 168178 152161 112115 103103
FortNapoleon_G311, 106109 223223 207211 176176 163165 254258 308308 146154 276276 116118 116116 227230 143143 122125 273277 150150 173173 173178 161164 112118 105109
FortNapoleon_G312, 106106 223223 203207 176176 165165 258258 308308 162162 276278 116118 116116 230230 139143 122125 273273 134150 173179 173173 161164 115118 093109
FortNapoleon_G313, 106109 223223 203203 156172 165165 250254 308308 154166 276276 116118 114116 230230 139143 122122 273273 150150 173194 173178 164164 115115 107107
Pop                     
Keiheuvel_D51, 109109 225225 199201 176176 165165 250250 308308 162162 272272 116116 116116 227230 139143 122122 273273 134134 179182 173178 158158 112112 099113
Keiheuvel_D52, 109109 225225 000000 176176 165165 000000 308308 162166 272276 118118 116116 230230 143143 122122 273273 134134 179179 173178 152164 115115 113113
Keiheuvel_D53, 109109 225225 199209 168176 165165 250250 308308 162162 272278 116116 116116 230230 143147 122128 277277 134134 179182 173178 158164 112112 116116
Keiheuvel_D54, 109109 225225 199201 168176 165165 250250 308308 162166 272276 116118 116116 227230 139143 122128 273273 134134 179179 173178 158164 115115 113113
Keiheuvel_D55, 109109 225227 201203 160168 165167 250254 308310 162166 276276 116118 116116 227230 139139 122125 273273 146150 179179 173178 161161 115115 103107
Keiheuvel_D56, 103109 225225 205215 156160 165165 254254 308310 166166 276276 116118 114116 230230 139143 122122 273273 134158 179185 173173 161161 112121 103109
Keiheuvel_D57, 109109 225225 199203 168176 165165 250258 308310 162162 272276 116118 116116 230230 143147 122128 273277 134134 179182 178178 158164 112112 116116
Keiheuvel_D58, 109112 225225 203205 168168 167167 250254 308308 162166 272276 116116 116120 230230 139139 122125 273277 162162 173179 173178 161161 112115 107107
Keiheuvel_D59, 106109 225227 199201 156168 165165 250254 308310 166170 276276 118118 116120 227230 139143 122128 273277 134142 179182 173178 164164 115115 113113
Keiheuvel_D60, 103106 225225 000000 156160 165165 000000 308308 162162 272272 116116 116116 225227 000000 122128 273273 134158 179185 173173 161161 112115 101107
Pop                     
Sint-Laureins1_G91, 000000 223225 203211 176176 165167 254254 310310 146162 276278 116118 116116 230230 143143 122125 273277 142142 167182 178178 152161 115115 093097
Sint-Laureins1_G92, 106109 223223 000000 184184 000000 254254 000000 162162 278278 116116 116118 000000 143143 000000 273273 142150 179179 000000 161161 112115 097097
Sint-Laureins1_G94, 000000 000000 211211 168168 163165 254254 310310 146162 000000 116116 114116 227227 139139 125125 000000 000000 000000 173173 170170 112112 000000
Sint-Laureins1_G95, 000000 223225 000000 156176 165165 258258 308310 146162 276276 000000 116116 000000 139139 122125 000000 134146 179179 000000 164164 112112 000000
Sint-Laureins1_G96, 109109 223223 209209 176184 165167 254254 308310 162162 272276 116116 114120 230230 143143 122125 277277 142150 170173 168173 161164 115118 093107
Sint-Laureins1_G97, 106109 223227 203213 168168 165165 250254 308310 162162 276276 116118 116116 230230 143143 122125 273277 150166 170173 173173 161164 103115 101107
Sint-Laureins1_G329, 106109 223223 205207 000000 165165 258262 000000 162162 000000 116118 114116 227230 000000 122125 273277 000000 167170 173178 152152 000000 107107
Sint-Laureins1_G330, 103106 223223 203211 168179 167167 254254 310310 146162 276276 116118 000000 230230 139143 122122 273277 150175 194194 173178 161164 112115 105107
Sint-Laureins1_G331, 106106 223227 203203 168176 165167 254254 308308 162162 278278 116116 116116 227230 139139 122125 273273 142142 173179 178183 152161 112112 107109
Pop                     
Sint-Laureins2_G84, 109109 225225 203211 176176 165167 254258 308310 162162 000000 118118 116116 227227 143143 122122 273277 134150 173182 173178 152161 103118 000000
Sint-Laureins2_G88, 106109 223223 203203 172172 165165 250250 308312 162162 000000 116118 114116 000000 143143 000000 273273 146150 182194 000000 000000 103103 093109
Sint-Laureins2_G325, 106109 223227 209209 176179 163163 258258 308312 162162 272276 116118 116118 230230 139139 122125 273277 142142 167185 173173 161164 115115 107111
Sint-Laureins2_G326, 103106 223225 199203 168176 165167 254258 308308 162166 272272 116116 114114 227230 139143 122125 273273 134134 167194 173183 164173 115118 107122
Sint-Laureins2_G327, 103106 223227 203209 172184 165167 258258 308310 162170 276278 116116 116116 230230 143143 122122 273277 134150 173182 168168 152161 112115 101103
Sint-Laureins2_G328, 106109 223225 000000 168168 163165 000000 310310 162162 276276 116118 120120 230230 139143 122122 273273 134146 173194 173173 161164 112112 103111
Sint-Laureins2_G89, 000000 223227 203211 176176 165165 258258 000000 162162 276278 116116 116116 230230 139139 125125 273273 150150 000000 000000 161161 112112 105105
Pop                     
Veurne_568, 106109 223225 203203 168184 163165 258258 310310 162162 276276 116116 116118 230230 139139 122122 273273 134146 167179 173173 164164 112115 107107
Veurne_569, 103109 223225 209211 168172 165169 254258 308308 162170 276278 116118 116120 227230 143143 122122 273277 142146 173173 173178 152164 115115 103109
Veurne_550, 106109 223225 203203 168168 165165 254258 310310 162162 276278 118118 116116 230230 139143 122122 273273 142142 179194 173178 161164 112115 103107
Veurne_551, 109109 223225 211211 172176 163165 254258 308308 162162 272278 116116 116116 227230 139143 122125 273277 142150 179194 173183 161164 112112 103111
Veurne_552, 103106 225225 203209 168168 167167 258258 308310 162162 276276 116118 114116 230230 139139 122122 273273 146150 185194 173178 161164 112112 107107
Veurne_553, 106106 227227 209213 168176 165167 258258 308310 146162 276278 116118 116116 227227 139143 122125 273273 134142 179185 173183 152164 112115 107111
Veurne_554, 106106 223223 203207 176184 167167 254258 308310 162162 272276 118118 116116 230230 139139 122125 273273 134175 194194 173173 161161 112115 109109
Veurne_555, 103106 223223 203211 172176 165165 258258 308310 146162 278278 116118 116116 230230 139143 122125 277277 142150 173179 173178 152164 115115 103111
Veurne_556, 103109 223225 203207 168179 165165 254258 310310 146162 272278 116118 114116 230230 139143 122125 273277 134166 170179 178178 161164 112115 109109
Veurne_557, 109109 223223 203203 176176 167167 254254 310310 146146 278278 116116 116116 230230 139139 122125 277277 134150 170179 178178 161164 112112 107107
Veurne_558, 103103 223223 207207 168168 165165 254254 308308 162162 278278 118118 116116 230230 143143 125125 277277 166166 179179 178178 164164 103103 107107
Veurne_559, 106109 223223 203203 156168 165165 254258 308310 162162 272278 116116 116116 230230 139139 122122 273277 146150 173179 168173 161161 103112 107107
Veurne_560, 109109 225225 199211 184184 165167 258258 308308 146162 276278 116118 114116 227230 139143 122125 273273 142150 173179 173183 161173 103103 093109
Veurne_561, 106109 225225 203211 160184 163167 258258 310310 162162 276276 116116 116118 230230 139139 122122 273273 134146 167179 173173 164164 115115 107107
Veurne_562, 109109 225225 203203 176176 163165 258258 308308 162162 276276 118118 116116 227230 139143 122122 273273 134150 173194 178183 152161 115115 103103
Veurne_563, 106106 223225 203211 168172 163167 250258 308310 146162 276276 116116 116116 227227 143143 122122 273277 134166 167179 173173 164164 112115 103111
Veurne_564, 106109 223231 203207 168168 165167 254258 308308 146162 276276 116116 116116 227230 143143 122122 273277 134134 173179 178178 161161 103103 099111
Veurne_565, 103103 223223 203211 168184 165165 258258 310310 162162 278278 118118 116116 227230 139139 122122 273277 142175 173179 173183 152161 112115 107111
Veurne_566, 106106 223225 203211 156160 167169 254258 308310 162162 272276 116116 116116 230230 139143 125125 273277 142146 167179 173173 161161 115115 101107
Veurne_567, 103109 223225 203203 160184 165167 254254 308310 162166 276276 116118 116118 227227 139139 122125 273273 150166 173194 173173 161164 112115 101107
Pop                     
Vloethemveld-Noord_F16, 103103 223227 203211 168184 165165 258258 308310 162166 272278 118120 116118 230230 139139 122122 277277 146146 173179 173183 164164 115115 111111
Vloethemveld-Noord_F17, 103109 225225 203203 176176 165167 254258 308308 162162 278278 116120 114120 230230 139139 122122 277277 142150 167173 173173 164164 115115 111111
Vloethemveld-Noord_F18, 109109 223225 203211 176176 165165 254258 308308 162162 272278 116120 114116 227230 139139 122122 273273 146175 167179 173178 161164 118118 111111
Vloethemveld-Noord_F19, 103109 225225 209211 176176 165165 254258 308308 162162 278278 116116 116116 230230 139143 122122 273277 146146 173179 173178 161164 115118 103105
Vloethemveld-Noord_F20, 106109 225225 203203 168168 167169 258258 310310 162170 272272 116116 116116 230230 139139 122125 273277 134146 182194 173173 161161 112115 109109
Vloethemveld-Noord_F34, 103109 225225 000000 172176 165167 258258 308308 162162 276276 116116 116116 230230 139143 122122 273277 146150 173179 173173 161161 112112 093093
Vloethemveld-Noord_F35, 109109 223223 209211 168168 165165 254258 308310 162174 276278 116120 116116 230230 139143 122122 273277 142158 167167 173173 164173 118118 103111
Vloethemveld-Noord_F37, 103106 223225 211211 168176 165167 258262 308308 146162 276278 116120 116116 230230 139139 122122 277277 142150 167167 178178 164164 112115 111111
Vloethemveld-Noord_F38, 103103 223227 203211 168176 165165 254258 308310 146162 276278 120120 116120 230230 139139 122122 273277 150158 167167 173173 161164 118118 109111
Pop                     
Vloethemveld-Zuid_F28, 103103 225227 000000 168168 165165 254258 000000 000000 278278 118120 116116 000000 139139 000000 273277 134150 179194 000000 164164 118118 109109
Vloethemveld-Zuid_F23, 103106 223223 211211 184184 163167 258258 308308 162162 276278 116116 116116 230230 139139 122122 273273 142146 167179 173173 158164 112118 105107
Vloethemveld-Zuid_F24, 109109 225225 201203 168176 163165 262262 308312 162162 276276 116120 107116 230230 139143 122122 277277 142146 173194 173173 161161 112118 000000
Vloethemveld-Zuid_F25, 103109 223223 203211 176176 163165 254258 308310 162162 278278 116116 114120 230230 139143 122125 273277 146146 167167 173183 161173 112115 101111
Vloethemveld-Zuid_F26, 103103 225227 211211 168184 165165 254258 310310 162162 278278 116116 000000 230230 139139 125125 273273 134146 167167 168173 161173 103115 107111
Vloethemveld-Zuid_F27, 103106 223223 205211 176176 165167 258258 308310 146162 276278 000000 116116 227230 143143 122122 273273 142158 194194 168173 164164 118118 103111
Vloethemveld-Zuid_F29, 103106 223223 203209 168168 163165 254254 308308 162162 272272 116118 116116 227230 143143 122125 273277 142158 167194 173178 161161 112112 101103
Vloethemveld-Zuid_F30, 103109 223227 203211 168176 165165 254254 310310 162162 276278 116116 114116 230230 139143 122122 273273 146150 173173 173183 161161 112115 093107
Vloethemveld-Zuid_F31, 106109 223227 203205 168176 165165 254254 308310 162162 000000 116116 114116 230230 000000 122122 273273 146150 173173 173183 161161 000000 093107
Vloethemveld-Zuid_F32, 109109 223227 203211 168176 163163 254258 308310 162162 276278 116116 116116 230230 143143 122122 273273 146146 167179 173173 164164 118118 103107
Vloethemveld-Zuid_F33, 103109 223223 209211 168176 165165 254258 308308 162162 276278 116116 116120 230230 139143 122122 273277 142146 173179 173173 164173 112118 101101
Pop                     
WarandeduinenMiddelkerke_G117, 000000 225225 211211 184184 165167 254254 000000 146162 000000 116116 116116 230230 143143 122125 273273 000000 173173 168168 161161 115115 097097
WarandeduinenMiddelkerke_G324, 121121 223223 203203 160168 165167 254254 310310 000000 272278 118118 116118 230230 139143 122122 273273 142150 182182 178178 152164 112112 103107
WarandeduinenMiddelkerke_G122, 103109 223225 203209 168184 167169 254254 308308 154162 272278 116118 116116 227230 139143 122125 273273 150175 179194 173173 164164 112115 000000
WarandeduinenMiddelkerke_G123, 106109 225227 203203 156184 165165 254258 308312 162162 272272 116116 116116 230230 139143 122122 273273 150150 173182 173173 161164 112112 103109
WarandeduinenMiddelkerke_G124, 106109 223225 203211 160179 165169 258258 308310 162162 272276 116116 114116 227227 139139 122122 273277 150158 173173 173173 164164 112115 093107
WarandeduinenMiddelkerke_G322, 106109 223223 209211 168184 167167 250258 308308 162170 272278 116118 116116 227227 139143 122122 273277 142146 173182 173178 164164 112118 093107
WarandeduinenMiddelkerke_G323, 109109 223223 203209 168168 167169 258262 308310 146162 272278 116116 116120 227227 139143 122125 273273 150150 167194 183183 152161 103118 105105
