Conversion of an object of class 'genind' into a GENEPOP file with the package 'graph4lg'                     
AGBro110
AGBro116
AGBro12
AGBro144
AGBro153
AGBro161
AGBro218
AGBro227
AGBro234
AGBro266
AGBro299
AGBro307
AGBro32
AGBro337
AGBro375
AGBro403
AGBro467
AGBro480
AGBro487
AGBro76
AGBro9 
Pop                     
Arendschot_D73, 103106 223225 211211 000000 165165 254254 308308 162166 000000 118118 118120 227227 000000 122122 273277 146162 173179 173173 152161 000000 107107
Arendschot_D74, 103112 225225 203203 168168 165167 254254 308310 162166 276278 116118 116116 227230 139139 122128 273273 146162 161173 173173 152161 112112 107107
Arendschot_D76, 103103 000000 203203 168168 165167 254258 308310 162162 276276 116116 000000 227227 139139 122128 000000 000000 000000 173178 158164 112115 105107
Arendschot_D77, 103106 223225 201211 168172 165165 254258 308308 162166 272272 116116 116116 227230 139139 122122 273273 146162 176176 173173 152152 112112 105107
Arendschot_D78, 103103 223223 203211 168168 165165 254254 308310 162162 276276 116116 116118 230230 139139 122128 273273 126146 173197 173173 158158 115115 105105
Arendschot_D80, 103103 223223 211211 176176 165165 254258 308310 162162 276278 116116 116118 230230 139139 122128 273273 134146 197197 173173 158164 112115 105105
Arendschot_D72, 103109 227227 207207 160160 165165 258258 308310 162162 000000 000000 000000 000000 139139 122122 000000 150150 000000 000000 161161 112115 107107
Arendschot_D79, 103109 225225 203203 176176 163165 258258 308308 162166 000000 116118 114116 000000 135139 122128 273273 134142 197197 173178 158161 112115 105105
Arendschot_D81, 103103 223225 207207 168168 165167 254258 308310 162162 276278 116116 116118 227227 139139 122128 273273 146146 173173 173178 158164 112115 105107
Pop                     
Astridlaan_506, 103109 225225 209211 184184 167167 258258 308310 162178 272276 116116 114116 227230 139143 122125 273277 134175 167194 178178 161164 112112 103109
Astridlaan_T93, 103109 223223 209211 168176 165165 258258 308308 162162 272276 116118 116116 230230 143143 122125 273277 142150 182185 173178 161164 112112 093107
Astridlaan_T94, 103109 223223 203211 156160 165165 258258 308308 162162 272278 116116 114116 227230 139143 122122 273273 142150 167179 173178 164164 112115 105109
Astridlaan_T95, 103106 223225 203203 176179 163167 250254 308310 162162 272278 116118 114116 227230 143143 122122 277277 150150 179182 173173 161161 112115 107109
Astridlaan_T96, 106109 223227 203203 168176 165165 258262 308310 162166 272276 116116 116120 227227 139139 122125 273277 142150 170179 173173 152161 115115 101109
Astridlaan_G131, 106106 223223 207213 000000 165165 254254 308308 162162 278278 116116 116116 230230 139143 122122 273273 142142 173173 173173 164164 112115 103103
Astridlaan_G132, 103109 223227 203203 160184 165165 258258 308310 162162 276276 118118 116116 227230 139139 125125 273273 146146 173194 173173 152164 112115 107109
Astridlaan_G134, 106106 223225 203211 172172 165165 254258 308310 146162 278278 116116 116116 227230 143143 122125 273273 000000 179179 178178 000000 118118 105109
Astridlaan_G135, 109109 223227 203207 156168 165165 254254 308308 162162 276278 116116 114116 230230 139143 122125 273273 150175 173185 173178 161164 112115 105105
Astridlaan_G136, 109109 223223 199207 168172 167167 254254 308308 146154 276276 116118 116116 227230 139143 122122 273273 150150 173173 173178 000000 000000 097107
Pop                     
Averbode_P15, 103109 225225 203207 000000 165167 250254 000000 174174 000000 116116 116116 000000 000000 000000 273273 134162 170182 000000 161164 000000 103107
Averbode_P21, 103106 223223 211211 168168 165165 258258 308308 162166 272276 116118 116116 227230 139139 122128 273273 146162 179185 173173 161161 112115 107109
Averbode_P22, 109109 223223 203211 168176 163165 250258 308310 162166 272278 116116 116116 230230 143143 122122 273277 150175 179179 168173 161164 112115 107107
Averbode_P23, 109109 223225 209209 156176 165165 250254 308308 162162 272278 118118 116120 230230 139143 122122 273277 142142 167182 178178 161164 112118 105113
Averbode_P24, 103109 223223 207209 176176 165165 254258 308308 162166 278278 116118 116116 227230 139143 122122 273273 142158 197197 173178 161161 112112 103103
Averbode_P25, 103109 225225 203207 172176 165167 250254 308308 000000 272276 116118 116116 230230 135143 122122 273273 134134 179179 178178 161164 112115 000000
Averbode_P26, 106109 225225 217217 156168 165165 254254 308308 000000 276276 118118 116116 000000 139139 125128 277277 134142 179179 173178 152164 115115 097097
Averbode_P28, 106106 223223 203203 000000 165165 254258 310310 162162 000000 116116 116116 230230 000000 122125 273273 150175 179179 173178 161164 000000 099099
Averbode_P29, 109112 225225 211211 156168 165165 250254 308308 162162 276276 118118 116116 230230 139139 122128 277277 134142 179179 173178 152164 112115 103109
Pop                     
Belvedere_324, 106109 223223 203203 176179 165165 250258 308308 162162 276276 116118 116116 227230 139143 122125 273277 134142 170185 178183 152161 112112 103107
Belvedere_325, 106109 223227 207211 160172 165165 254258 308312 162162 278278 116116 116118 227230 139139 122125 277277 150175 167194 173178 161164 112115 101103
Belvedere_326, 103109 223223 203203 176184 163165 254262 308308 146162 272278 116116 116116 227230 143143 122122 273277 150150 173182 173178 152152 112112 093111
Belvedere_319, 103106 223223 205211 168172 165169 258258 308312 162162 278278 116116 114116 230230 143143 122125 273277 142150 167179 178178 152161 112115 103105
Belvedere_321, 103106 223227 203203 176184 165167 250262 308308 146146 276278 116116 116116 227230 139139 122125 273277 146150 173179 173178 161164 112115 107107
Belvedere_322, 106109 225227 203203 156168 167169 254254 308308 146166 276278 116118 116116 227227 143143 122122 273277 142166 194194 178178 161164 103112 093111
Belvedere_323, 103103 223225 203211 168176 165165 258258 310310 146146 276276 116118 114116 227230 139143 122122 277277 142150 173179 173178 161164 115115 101111
Belvedere_318, 106109 223225 203207 160176 165167 258258 308312 162162 276278 116116 116116 227230 139143 122125 273273 134142 179194 173173 161164 112115 103107
Belvedere_G189, 000000 223223 211211 176176 000000 000000 308308 162162 278278 000000 000000 230230 139143 122122 277277 000000 179194 173173 164164 112112 103107
Belvedere_G192, 106106 223225 203203 168168 163163 254258 308308 162162 276278 116118 118120 230230 143143 122125 277277 166166 173194 173173 161161 112115 103107
Pop                     
Bredene_G205, 106106 223225 203203 160160 165165 254254 308308 162162 272278 116116 116116 000000 139139 122125 000000 150150 182194 168173 164164 115115 099107
Bredene_G31, 000000 000000 203203 176176 165167 254258 310310 162162 276276 116118 000000 227227 139143 122122 000000 000000 000000 168173 161164 112115 000000
Bredene_G32, 000000 223225 000000 160168 165165 254254 308308 146162 272278 000000 116116 000000 143143 122122 000000 150150 179182 173173 164164 115115 097097
Bredene_G34, 000000 000000 203203 156156 165165 254254 310310 162162 278278 118118 000000 227227 139139 122122 000000 000000 000000 173173 164164 118118 000000
Bredene_G204, 109121 223225 203211 160172 167169 258258 308310 146162 276278 116118 116120 230230 139139 122125 273273 142166 173179 173173 164164 112115 000000
Bredene_G35, 106109 223225 203211 176184 165167 254258 308308 162166 276278 116116 114116 230230 139143 122122 277277 146150 173173 173178 152161 115115 103107
Bredene_G36, 103109 225225 207209 176176 165165 258258 310310 162162 276276 118118 120120 230230 143143 122122 277277 146146 167167 173173 164164 112112 000000
Bredene_G37, 100106 225225 201203 176176 167167 258258 308308 162162 278278 118118 120120 230230 143143 119125 273273 150150 173173 178178 164164 112112 107107
Bredene_G203, 106109 223223 203203 168168 165165 254254 308308 162162 272276 116116 000000 227227 139143 122122 273273 134150 179182 173173 164164 115118 103103
Bredene_G33, 103106 223223 203203 168172 165165 000000 000000 162162 276278 118118 116116 000000 139143 000000 273273 134150 173182 000000 161164 112115 105111
Pop                     
Cabour_60, 103106 225231 203203 168176 165165 254258 308308 162178 276276 116118 116116 230230 139143 122122 277277 142142 170194 173178 152164 112118 105111
Cabour_51, 103109 223225 203211 168184 165165 258258 310310 146162 272276 116118 114116 227230 139139 122125 273273 142150 173194 178178 152152 112115 107109
Cabour_52, 103109 223227 209211 156176 165167 254258 308308 146162 278278 116118 116118 227230 139143 125125 273277 142146 173182 173178 161161 115115 105107
Cabour_55, 103106 223227 203203 172184 163165 258258 308310 146166 272272 118120 114120 227227 139143 125125 273273 146150 173185 173178 161164 112112 101103
Cabour_56, 109109 223223 203203 172172 165167 254258 308310 162162 276276 116116 116116 227227 139143 122125 273277 150150 173185 173173 164173 103115 103111
Cabour_57, 103106 223223 203209 160168 163165 254258 310310 162162 272278 116116 114116 227230 139143 122122 273277 142150 173179 178183 164164 112115 107109
Cabour_58, 106109 223227 211211 160172 165165 254258 308308 162170 276278 116116 116118 227230 143143 122125 273273 146175 173173 173178 161164 115118 099107
Cabour_59, 103106 225225 203205 156184 165165 254254 308308 162162 278278 116116 114116 227230 139143 125125 273273 146150 167179 173178 161164 103112 103107
Cabour_53, 103106 223223 203211 168168 165165 254258 310310 146146 276278 116118 116116 230230 139139 122125 273277 146175 167179 168173 164164 115115 101107
Cabour_54, 106109 223223 203209 176176 165167 258258 308312 154162 276278 116118 116116 227230 139143 122122 273277 150158 194194 173173 164173 112112 105105
Pop                     
DuinbossenDeHaan_G26, 000000 223225 203211 168176 167167 250254 308310 000000 276278 116116 114116 227227 139143 122125 273277 142142 173179 173178 161161 112112 000000
DuinbossenDeHaan_G27, 109109 227227 203203 176176 165165 258258 310310 162162 272272 118118 114114 230230 143143 122122 277277 138138 179179 178178 161161 115115 093093
DuinbossenDeHaan_G28, 109109 225225 203209 176184 000000 258258 310310 146162 276278 000000 114116 230230 143143 122125 273273 138175 179179 173178 000000 112112 103107
DuinbossenDeHaan_G29, 106106 227227 203203 156156 000000 254254 310310 170170 272272 000000 116116 230230 143143 125125 277277 142142 179179 168168 000000 112112 116116
DuinbossenDeHaan_G315, 103109 223223 203203 168168 165165 258258 308310 162162 278278 116116 116116 227227 139143 122125 273273 134146 173179 178178 164164 112115 101103
DuinbossenDeHaan_G318, 109109 223223 207211 168176 165165 254258 000000 162162 276276 116116 116118 000000 139139 122125 273277 134150 179179 000000 161161 112115 093093
DuinbossenDeHaan_G319, 109109 223223 203211 168176 163165 254258 308308 154162 276278 118118 116118 227230 139139 125125 273277 134146 176182 168173 161164 112118 093093
DuinbossenDeHaan_G320, 106109 223225 211211 168172 165167 254254 308310 162162 272278 116116 116120 227230 143143 122122 273273 150150 167173 173173 158164 112118 103107
DuinbossenDeHaan_G316, 109109 225225 211211 176184 165167 254258 308310 162162 276276 118118 116116 227227 139139 122125 273273 134142 173176 173173 161164 115115 107107
DuinbossenDeHaan_G317, 103103 223223 203203 176176 165165 258258 308310 162162 272276 116116 114114 227230 139143 122122 277277 142150 179179 168168 161161 112112 105116
Pop                     
FortNapoleon_G304, 106109 223227 207211 176184 165167 258258 308308 146154 278278 116118 116120 227230 139139 122125 273273 150150 179179 173173 161164 115118 103109
FortNapoleon_G305, 103109 223225 205207 160176 165167 254258 308310 146162 278278 116118 116116 227230 139143 122125 273273 146150 179179 183183 161161 112112 107107
FortNapoleon_G306, 109109 223223 203203 176184 165169 254258 308308 146162 278278 116118 116116 227227 139139 122125 273273 146146 173173 178178 152164 112115 107107
FortNapoleon_G308, 106109 223225 207211 168168 163165 258258 000000 162162 278278 116116 116116 227230 143143 000000 273273 150166 173173 000000 161161 112115 103105
FortNapoleon_G309, 000000 223223 207207 160172 165167 258258 308308 154166 278278 116116 116116 230230 139143 122125 273273 146150 167173 173173 000000 112115 107109
FortNapoleon_G310, 106106 223223 000000 168176 167167 000000 310310 162178 272278 116116 116120 227230 139139 122122 273277 134150 173176 168178 152161 112115 103103
FortNapoleon_G311, 106109 223223 207211 176176 163165 254258 308308 146154 276276 116118 116116 227230 143143 122125 273277 150150 173173 173178 161164 112118 105109
FortNapoleon_G312, 106106 223223 203207 176176 165165 258258 308308 162162 276278 116118 116116 230230 139143 122125 273273 134150 173179 173173 161164 115118 093109
FortNapoleon_G313, 106109 223223 203203 156172 165165 250254 308308 154166 276276 116118 114116 230230 139143 122122 273273 150150 173194 173178 164164 115115 107107
Pop                     
Geel-Bel_292, 106109 225225 207211 168176 165165 258258 308308 162162 272276 116118 116116 227227 135139 122125 273273 146162 179179 173173 161161 112121 103105
Geel-Bel_293, 103109 223223 207207 168176 165165 250258 310310 162166 272276 116118 116116 227227 139139 122125 273273 134146 179197 173173 161161 112112 107107
Geel-Bel_286, 109112 225225 203209 160176 165165 254258 308310 162162 276276 116120 116116 230230 139139 125125 273273 134134 179185 173178 161161 112112 105107
Geel-Bel_282, 103109 225225 205205 160160 163165 250250 308308 166166 272276 116116 114120 227227 139143 122122 273277 134146 179197 173173 161164 112112 107107
Geel-Bel_283, 109109 227227 211211 160168 165165 258258 310310 162166 276276 116118 116116 230230 135143 122122 273273 146162 173197 173178 161161 112115 099107
Geel-Bel_295, 103109 225225 201211 160176 165165 254258 308308 162162 272276 116118 116116 227230 139143 122122 273273 150150 179179 173173 158161 115121 103103
Geel-Bel_296, 103106 223227 211211 176176 165165 258258 308308 158162 272276 116116 114116 230230 139139 122122 277277 134146 179179 178178 152161 112121 103105
Geel-Bel_297, 106112 225225 203203 156168 165165 258258 308308 162166 272276 116120 116116 227227 135143 122125 273273 142142 197197 173173 152161 112112 105128
Geel-Bel_298, 103106 225227 207209 168176 165165 250254 308310 162162 276276 116118 116116 227230 139139 122128 273273 146162 179182 173178 161161 112121 107128
Geel-Bel_P2, 106109 223227 203203 168168 165167 254258 308308 162166 272276 116118 116116 227227 139139 122128 273277 150150 179179 178178 161161 112112 103107
Pop                     
Hamont-Achel1_D111, 106109 223227 199199 156176 165165 250258 308310 162162 276278 118118 116120 230230 143143 122122 273277 134142 179182 178178 164164 112115 099105
Hamont-Achel1_D112, 106106 223225 199203 168176 169169 250250 308310 162162 276276 118118 116116 230230 139143 122122 273273 142142 179182 178178 161164 115115 109113
Hamont-Achel1_D113, 109109 227227 199203 168176 165165 254254 308308 162162 272278 116118 116120 225230 139143 122125 273277 134142 179182 173183 152161 112115 105105
Hamont-Achel1_D114, 109109 223225 203203 156176 165165 250254 308310 162162 272276 116118 114116 227227 143143 122122 273273 134146 179179 178178 152161 115115 099113
Hamont-Achel1_D115, 103106 225225 199199 168168 163165 000000 308308 162162 272278 118118 116118 227227 139143 122122 273277 134142 182182 173178 152152 115115 099103
Hamont-Achel1_P31, 109109 225227 199199 156176 163165 254254 308310 162170 276278 118118 114116 227230 143143 122122 277277 142142 182182 178178 152164 112115 103109
Hamont-Achel1_P32, 106109 223223 211211 156176 165169 250254 308308 162170 272276 116116 116116 227230 143143 122122 273277 134146 179182 173178 152161 112115 105107
Hamont-Achel1_P33, 106106 223225 199211 156176 165165 254254 308310 162162 276278 116116 116120 227230 139143 122125 273277 134142 179182 173178 152161 115115 109113
Hamont-Achel1_P34, 109109 225227 203211 156176 165165 254254 308308 162162 276276 116116 116120 230230 143143 122125 273277 142142 179182 178178 161161 112115 103113
Hamont-Achel1_P35, 106109 223227 199211 176176 165165 254254 308308 162170 276276 116118 116120 230230 143143 122122 273277 142146 179179 173183 152161 115115 099103
Pop                     
Hamont-Achel2_D102, 106109 223223 211211 176176 165165 254254 308310 162162 276278 118118 120120 227227 143143 122122 277277 134142 182182 178183 152164 115115 109109
Hamont-Achel2_D104, 103106 225227 203211 168176 165165 254254 308310 162170 276278 116118 116116 227230 143143 122125 273277 134146 182182 173183 152161 115115 105113
Hamont-Achel2_D106, 109109 225227 203203 156176 165165 000000 308308 162162 276276 116116 116120 230230 143143 122122 277277 134150 179179 173173 161161 115115 099105
Hamont-Achel2_D107, 106109 000000 199211 168176 165165 254254 308310 162162 272276 116118 000000 225230 139143 122125 000000 000000 000000 173178 161164 115115 105113
Hamont-Achel2_D108, 109109 223227 211211 156176 163169 254254 308308 162162 276278 118118 116116 227230 143143 125125 273277 134146 179179 173183 152164 115115 099109
Hamont-Achel2_P14, 103109 223225 000000 000000 163165 250254 000000 162162 000000 118118 116120 000000 000000 000000 277277 142150 179182 000000 161164 112115 105113
Hamont-Achel2_D109, 109112 223227 199209 156176 165165 254254 310310 162162 278278 118118 120120 227227 139143 125125 273277 146146 182182 173178 164164 115115 099113
Hamont-Achel2_D110, 106109 225225 199199 156156 000000 254254 310310 170170 276276 000000 000000 225230 139143 122125 273277 000000 000000 178178 000000 115115 107113
Pop                     
Hamont-Achel3_D97, 109109 223223 199199 168168 163165 254254 308308 162162 272276 116116 116118 227230 139143 122125 273277 134146 179182 178183 161161 112115 109113
Hamont-Achel3_D98, 109109 223223 203203 156176 165165 254254 308308 162162 276278 116118 116120 227230 139143 122122 273277 142142 179182 178178 152161 115115 113113
Hamont-Achel3_D99, 106109 223225 199199 156176 165169 254254 308310 162162 000000 118118 116120 227230 139139 122125 273273 134134 179179 178178 164164 112115 103105
Hamont-Achel3_D100, 109112 223225 199203 156156 165167 254258 308308 162170 272276 116118 120120 230230 139143 122122 277277 134142 182182 178183 161164 115115 113113
Hamont-Achel3_D101, 106106 225227 203209 156176 165165 254254 308310 162162 276276 118118 116118 227230 139143 122125 273277 134146 179182 173178 164164 115115 113113
Hamont-Achel3_P10, 106109 223225 203211 156168 165169 254254 308310 162162 272276 116118 116116 230230 139143 125125 273273 134150 182182 173178 152164 115115 103105
Hamont-Achel3_P11, 109109 225225 211211 156168 163165 250254 308310 162162 276276 116118 116116 230230 139143 122122 273273 134146 179182 173178 161161 115115 103105
Hamont-Achel3_P12, 109109 223225 199211 168176 165165 254254 308310 162170 276276 118118 116116 227227 139139 125125 273277 134142 182182 173173 161164 112112 099105
Hamont-Achel3_P13, 109109 225227 211211 168168 163165 254254 308310 162162 276276 116118 116120 230230 139143 122125 273273 146150 179182 173178 161161 115115 103105
Pop                     
Harchies_W2, 106109 223227 000000 000000 165165 000000 310310 162162 000000 116116 114116 230230 000000 122122 273277 142142 188188 168173 161161 112112 113116
Harchies_W4, 106106 225227 201207 168176 165165 254258 310310 162162 276276 116116 114114 227230 139143 122122 277277 142142 179188 168178 161161 112112 103105
Harchies_W6, 106106 225225 207207 168168 000000 258258 308310 162162 276276 116116 118118 000000 000000 122122 269273 142142 000000 168168 000000 000000 000000
Harchies_W12, 103103 225225 000000 168172 167167 254254 310312 162162 276276 000000 118118 230230 143143 122122 273273 134142 179179 168178 161161 112112 113113
Harchies_W15, 103103 225227 205209 168176 165167 254258 308310 162162 276276 116116 116116 230230 143143 122122 273277 134142 188188 178178 152161 112115 103103
Harchies_W18, 103106 225225 207207 168176 165167 254254 310310 162162 276276 118118 116118 230230 139143 122122 277277 134142 179188 173173 152161 112115 113116
Harchies_W19, 106109 225225 205207 176176 165165 254254 306310 162178 276276 116116 116118 230230 143143 122122 273273 142142 188188 178178 161161 112112 103113
Harchies_W20, 106106 225225 000000 176176 165165 254254 308310 162178 276276 116116 116116 000000 139143 122122 000000 134142 188188 173173 161161 112112 113116
Harchies_W22, 106106 225225 207209 176176 165165 250254 310310 162162 276276 118118 114114 230230 143143 122122 273273 142142 170188 168168 161161 112115 103103
Harchies_W25, 103106 225225 207207 168176 165165 254258 308308 162162 276276 116118 116118 230230 143143 122122 273273 142142 179188 168178 152161 112112 103113
Pop                     
HB-Doornpanne_256, 103109 223231 205209 168168 167167 250254 308308 162170 272278 116118 116120 230230 143143 122125 273273 142146 167185 173183 164164 112112 103109
HB-Doornpanne_257, 106109 225227 203203 184184 165167 258258 308308 146162 272276 116116 116116 227227 139143 122122 273273 134146 173182 178178 152164 112112 105107
HB-Doornpanne_258, 106106 223223 203203 156176 167167 250254 308310 146166 272278 116118 116116 230230 139143 125125 273277 142166 167167 173173 161161 112115 103107
HB-Doornpanne_260, 103109 223223 203213 168184 165167 254262 308310 162166 272278 116116 116116 227227 143143 122125 273273 142175 179194 173178 161164 115115 107122
HB-Doornpanne_262, 103103 223227 203207 156168 165165 254258 308310 162162 276278 116118 114118 227230 143143 122125 273273 142175 167173 173173 161161 112115 093111
HB-Doornpanne_253, 106106 223225 203203 176176 163165 254254 308308 162166 276276 116118 116116 227230 143143 122122 277277 150150 170179 173173 152161 115118 111111
HB-Doornpanne_G66, 103106 225227 203211 176184 165165 258258 312312 162162 276276 116116 116116 227227 139143 122125 273273 134142 173173 173173 161164 112112 103103
HB-Doornpanne_G67, 103109 231231 203203 000000 165165 254254 308310 162162 000000 116116 116116 230230 000000 122122 273273 150150 173179 178183 152161 000000 101105
HB-Doornpanne_G68, 103106 223227 203209 172184 165165 254258 308310 146162 272276 116116 116116 230230 139139 122122 273273 134150 167179 168173 161164 118118 107111
HB-Doornpanne_G73, 109109 223227 203211 179184 167167 250258 308310 154154 272278 116116 116118 227227 139143 122122 273273 134150 179179 178178 161164 103112 107111
Pop                     
HB-Noord_247, 106106 223225 209211 184184 165165 254258 308308 162162 276278 116116 116116 230230 139143 122122 273273 142142 173194 173178 152161 112115 103103
HB-Noord_248, 103106 223225 207211 160168 165165 254254 310310 162162 276278 116116 116118 227227 139139 122125 273273 134150 170179 173173 161161 112112 103107
HB-Noord_244, 103109 223225 203211 172176 165167 254258 308308 162162 272278 116116 116118 227227 139139 122125 273273 142154 179194 173178 161161 112115 105111
HB-Noord_245, 109109 225225 209211 156184 165165 254254 308312 162162 272278 116116 116120 227230 139143 122125 273273 134150 173179 173183 152164 103115 101107
HB-Noord_246, 109109 225225 207211 160168 165169 254254 308310 162162 272278 116116 116116 230230 139143 122122 273273 146150 167173 173173 164164 103112 107111
HB-Noord_G179, 103106 223223 211211 172184 165165 254258 308308 154154 272276 118118 116116 230230 139143 122125 273273 150150 170185 173173 173173 118118 103107
HB-Noord_G180, 106106 223227 203203 172184 165165 258258 308308 146162 276278 116116 114116 230230 139143 122125 273277 134146 167194 168173 161161 115118 107111
HB-Noord_G184, 106106 223231 209209 172184 165165 254254 308310 162162 272272 116116 114114 230230 139143 122125 273273 150154 173173 173178 161164 118118 107109
HB-Noord_G187, 103103 223227 203203 168176 165167 250258 308310 162162 278278 116118 116116 230230 139147 125125 273273 134134 170173 178178 152161 112115 101105
HB-Noord_249, 106109 223223 203213 160168 165165 258258 308310 158162 272276 116118 116116 230230 139143 122122 273273 142150 173194 173178 152164 112112 107111
Pop                     
HB-Oost_241, 109109 223225 203211 168176 163165 250258 308310 170178 272278 116118 114120 227227 139139 122125 273277 134142 167167 178183 161161 103115 103109
HB-Oost_239, 106109 223223 211211 168168 165165 258258 308310 162166 272272 116118 114116 227227 139139 122122 273273 146146 194194 173178 164164 112112 105105
HB-Oost_233, 106109 225225 203203 176176 165165 254258 308308 146162 276278 116116 120120 227227 139147 122125 273277 150166 179194 173173 161164 112115 099105
HB-Oost_234, 106109 225225 207211 168168 165165 254254 308310 146162 278278 116116 116116 227230 139139 122122 273273 134146 167173 173173 161161 112115 101103
HB-Oost_235, 106109 223231 203207 168168 163165 250258 308310 146162 272276 116118 116120 230230 143143 122122 273277 146175 179194 173173 152164 112112 101103
HB-Oost_G75, 106109 223225 209209 168172 165165 258258 310310 146162 276276 116116 114118 227227 143143 122122 273273 134154 000000 178178 161164 112112 099103
HB-Oost_G77, 103109 223223 209211 168184 165165 254254 308310 154162 272278 118118 116116 227230 139143 122125 273277 138142 182182 173178 161164 115115 107107
HB-Oost_G79, 106109 223225 205211 168168 165167 258258 310310 162162 276278 116118 116116 230230 139143 122122 273273 150175 179182 168178 161164 112115 101103
HB-Oost_G80, 109109 225227 209211 176184 163165 258258 308310 162162 272276 116118 116116 230230 139143 125125 273277 142150 173194 173173 161161 115115 103109
HB-Oost_G82, 103106 223225 209209 160160 165167 258258 310310 162162 278278 116116 116116 230230 139143 122125 273273 134150 173179 173173 161173 112115 101107
Pop                     
HB-Pylyserlaan_201, 103109 223227 203209 179184 167167 250254 308310 162162 272276 116120 116116 227230 143143 125125 273277 150175 167194 173178 161164 115115 105111
HB-Pylyserlaan_203, 103106 223223 209213 168176 165165 254258 308310 162162 276278 116116 114118 230230 139143 122125 273273 142146 167179 173173 164173 103112 107122
HB-Pylyserlaan_205, 106106 223225 203211 168168 165167 254258 308310 154162 272278 116116 114120 230230 143143 122125 273273 134150 182194 178178 152161 112115 105107
HB-Pylyserlaan_208, 106106 223227 203203 176184 165167 258258 308308 146162 276278 118118 116116 227230 139143 122122 273273 142150 173194 173178 161164 112115 103113
HB-Pylyserlaan_209, 103103 223225 209211 160184 165167 250258 308310 162166 276278 118118 116116 227230 139139 122125 273277 142142 173182 173173 161161 112115 105107
HB-Pylyserlaan_G207, 103106 223223 203209 168176 165165 258258 308308 162162 272276 116116 114114 230230 139143 122122 277277 134142 167194 178178 164164 115115 105105
HB-Pylyserlaan_G208, 106106 223223 203207 176176 167167 250258 308308 162162 276276 116118 116116 230230 139143 122122 273273 134175 167173 178178 152152 112112 103111
HB-Pylyserlaan_G209, 103103 000000 203211 168179 000000 254254 308308 162162 278278 116116 116116 227230 139139 125125 273273 134142 167179 178183 173173 112112 103103
HB-Pylyserlaan_G213, 103112 223223 203211 168176 165165 254258 308308 162162 000000 118118 116116 227227 139143 122125 277277 134150 179182 173178 152164 112115 105109
HB-Pylyserlaan_G214, 103106 225225 203207 168172 165165 254254 000000 146162 272276 116118 120120 227230 143143 122122 273273 134162 170182 173178 161164 112115 111111
Pop                     
Kalmthout_D84, 106109 225225 205209 176176 165167 254258 310310 162162 272272 116118 116116 230230 139139 122122 273277 146146 179179 173178 164164 112115 107107
Kalmthout_D85, 109109 225225 203205 168176 163167 254258 308310 162162 272278 116116 116116 230230 139143 122122 277277 142154 173179 178178 164164 115118 105113
Kalmthout_D87, 000000 223225 209209 160160 167167 258258 308308 000000 276276 118118 116116 230230 143143 122122 277277 175175 179179 173178 161161 112112 000000
Kalmthout_D88, 106109 225225 000000 168168 167167 254254 308308 158162 272278 116116 116116 227230 139143 122122 273273 134142 176179 173178 152164 112115 105107
Kalmthout_D91, 000000 223225 207211 176176 165167 254258 310310 000000 272278 116116 000000 227230 139143 122122 277277 146146 179179 173178 164164 118121 000000
Kalmthout_F45, 103106 223225 209211 168176 165167 258258 310310 162162 272272 116116 116116 230230 143143 122122 273277 142142 167182 178178 152164 112115 105105
Kalmthout_F41, 106109 223225 205205 168172 000000 258258 308308 162162 272276 000000 116120 230230 139139 122122 273277 154175 179182 178183 161164 112115 105113
Kalmthout_F43, 106109 225225 199205 168168 165165 258258 308310 162162 272272 116116 116116 227230 139139 122125 277277 142154 173173 183183 152161 115115 101103
Kalmthout_F42, 109109 225225 203205 168172 165167 254254 310310 162162 272272 116116 116120 227227 139139 122122 277277 142154 179182 178178 152164 115115 105113
Kalmthout_D71, 109109 225225 205205 172172 165165 254254 308310 162162 272278 116116 116118 000000 143143 122122 277277 146146 179179 178178 152161 115115 105105
Pop                     
Karthuizerduinen_T77, 103103 223225 203207 168168 167167 254254 308310 146162 278278 116118 116116 230230 139139 122122 273277 134134 173173 168168 152161 112115 107107
Karthuizerduinen_T74, 106106 223225 203211 156176 163165 254258 308310 162162 278278 116116 116116 230230 139143 122125 273277 150150 167170 173178 161164 103112 103107
Karthuizerduinen_T75, 106109 223225 203211 176184 165167 254258 308310 162162 276278 116118 116120 227230 139139 122125 273273 150175 167185 168173 161161 103112 093111
Karthuizerduinen_T52, 106106 223223 203209 168184 163165 254258 308308 162162 276276 116118 116118 227227 139143 122122 273277 142150 170194 173178 161161 115115 103107
Karthuizerduinen_G165, 109109 223225 209211 168179 163165 258262 308310 162162 276278 116116 116116 227230 143143 122122 273277 146175 173179 173178 161164 112112 105105
Karthuizerduinen_G167, 109109 223225 203207 000000 165167 258258 308308 162162 276278 116116 116116 230230 139143 122122 273277 142142 167167 173173 161161 112112 107107
Karthuizerduinen_G169, 109109 225225 203203 160184 165165 254258 308308 162162 276278 116116 116116 230230 143143 122122 273273 142150 170173 173178 164164 112115 093103
Karthuizerduinen_G171, 103109 227227 203203 176176 167167 258258 308310 154162 276278 116116 114116 227230 139143 125125 273273 142142 170179 173178 152164 112118 105107
Karthuizerduinen_G172, 106109 223227 203211 000000 165165 254258 308308 162170 000000 116116 116120 230230 000000 122122 273273 134146 179185 178178 164164 000000 099111
Karthuizerduinen_G166, 106109 223225 203209 168176 163165 258258 308308 162162 276278 116118 116120 227227 143143 125125 277277 134142 173179 178178 161161 112115 103103
Pop                     
Keiheuvel_D51, 109109 225225 199201 176176 165165 250250 308308 162162 272272 116116 116116 227230 139143 122122 273273 134134 179182 173178 158158 112112 099113
Keiheuvel_D52, 109109 225225 000000 176176 165165 000000 308308 162166 272276 118118 116116 230230 143143 122122 273273 134134 179179 173178 152164 115115 113113
Keiheuvel_D53, 109109 225225 199209 168176 165165 250250 308308 162162 272278 116116 116116 230230 143147 122128 277277 134134 179182 173178 158164 112112 116116
Keiheuvel_D54, 109109 225225 199201 168176 165165 250250 308308 162166 272276 116118 116116 227230 139143 122128 273273 134134 179179 173178 158164 115115 113113
Keiheuvel_D55, 109109 225227 201203 160168 165167 250254 308310 162166 276276 116118 116116 227230 139139 122125 273273 146150 179179 173178 161161 115115 103107
Keiheuvel_D56, 103109 225225 205215 156160 165165 254254 308310 166166 276276 116118 114116 230230 139143 122122 273273 134158 179185 173173 161161 112121 103109
Keiheuvel_D57, 109109 225225 199203 168176 165165 250258 308310 162162 272276 116118 116116 230230 143147 122128 273277 134134 179182 178178 158164 112112 116116
Keiheuvel_D58, 109112 225225 203205 168168 167167 250254 308308 162166 272276 116116 116120 230230 139139 122125 273277 162162 173179 173178 161161 112115 107107
Keiheuvel_D59, 106109 225227 199201 156168 165165 250254 308310 166170 276276 118118 116120 227230 139143 122128 273277 134142 179182 173178 164164 115115 113113
Keiheuvel_D60, 103106 225225 000000 156160 165165 000000 308308 162162 272272 116116 116116 225227 000000 122128 273273 134158 179185 173173 161161 112115 101107
Pop                     
Kopberg_D24, 103103 223225 209211 160176 165167 254258 308308 158162 272278 116118 116116 227227 143143 122122 273273 146150 161197 173178 152161 112112 107107
Kopberg_D25, 103109 225225 205211 160168 163163 258258 308308 162162 272278 116116 116116 227230 139143 122122 273273 146146 173185 173178 152164 112121 107107
Kopberg_D46, 106106 000000 201209 160168 165165 254258 308308 162162 278278 116118 000000 230230 135139 122125 000000 000000 000000 173178 152152 112121 107113
Kopberg_D47, 109112 225225 203207 160168 165167 258258 308310 162162 272278 118118 116116 230230 139139 122122 273277 134142 179179 178178 152161 112115 107107
Kopberg_D39, 109109 225225 205211 160168 165165 254254 308308 162162 276276 116116 116116 227227 143143 122128 277277 134150 179185 178178 161161 112112 107128
Kopberg_D40, 106109 225225 203209 168168 163165 254254 308308 158166 276276 116118 116116 230230 139143 122125 273273 134158 179197 173178 152161 112112 107107
Kopberg_D41, 103106 225225 203211 160160 165165 258258 308308 162166 272272 116116 116116 230230 139143 122125 273273 146150 179179 173178 000000 112112 107113
Kopberg_D43, 106109 225225 201203 156156 165165 250258 308308 158162 278278 116118 116116 227227 139143 128128 273273 146146 179179 178178 161161 112115 109111
Kopberg_D44, 103109 225225 209209 156176 165165 250250 308308 158162 276278 116116 116116 230230 139139 122125 277277 134142 179182 173178 152161 112112 105107
Kopberg_D45, 103109 223225 203211 156160 165165 258258 308308 162162 272278 116118 116116 227230 139143 125128 273273 142150 179179 173178 164164 112115 105128
Pop                     
Kortenhoeff-NL_D61, 106109 223225 199205 172176 165167 258258 308308 162162 272272 118118 116116 227227 139139 122122 273273 142146 173179 178178 161161 112115 103103
Kortenhoeff-NL_D62, 106106 223223 000000 168168 165165 000000 308310 146154 272272 116116 116116 225230 143143 122122 273273 134146 179179 178178 161161 115115 099099
Kortenhoeff-NL_D63, 106106 223223 199211 168176 165165 258258 308310 146146 272272 116116 116116 225225 139143 122122 273277 146146 179179 178178 161161 115115 103116
Kortenhoeff-NL_D64, 106106 223223 217217 168172 165167 254258 308308 146146 272272 116118 116116 227227 139143 122125 273277 142146 173179 178178 161161 115115 099105
Kortenhoeff-NL_D65, 106106 223227 205211 176176 167167 258258 308308 146154 272272 116116 116116 225230 139143 122122 273273 146146 179182 173178 158161 115115 099105
Kortenhoeff-NL_D67, 103109 223223 205211 168176 165167 254258 308308 162162 272272 116116 116116 227230 143143 122122 273277 142142 179182 173178 152158 112115 103105
Kortenhoeff-NL_D68, 106106 000000 203211 168172 167167 258258 310310 146162 272272 116116 000000 225225 143143 122122 000000 146162 000000 178178 161161 115115 103105
Kortenhoeff-NL_D69, 106106 225227 203205 168176 165167 254258 308310 154162 272272 116116 116118 230230 139143 122122 273273 142146 173182 178183 161164 115115 105105
Kortenhoeff-NL_D70, 106106 227227 203211 168168 165167 258258 308310 146146 272276 116118 116116 225225 143143 122122 273277 134146 179179 173178 158161 115115 105105
Kortenhoeff-NL_D66, 106106 225225 205211 168168 165165 258258 310310 146146 000000 116116 116116 000000 143143 122122 273273 146146 000000 000000 161161 115115 105116
Pop                     
Lagland_W28, 109109 223223 207213 176176 165165 254254 310310 162162 276276 116116 116116 230230 139139 122122 273273 146146 179179 173178 152161 112115 107113
Lagland_W31, 109109 223223 205205 168184 167167 258258 310310 162162 276278 116116 116120 227227 139139 122122 273273 150150 179179 173173 164164 112115 101101
Lagland_W33, 109109 225225 205211 168176 165165 254254 308308 162166 276278 116116 116116 227227 143143 122122 273273 142146 179179 173173 152161 115115 101101
Lagland_W38, 103109 223223 211213 176176 165165 254254 000000 162162 278278 116116 116116 227227 139143 122122 277277 146150 000000 173173 152152 112115 101113
Lagland_W42, 109109 223223 205207 176176 165167 254258 310310 162162 276276 116116 116120 227227 139139 122122 273273 142142 179185 173178 161161 112115 099101
Lagland_W44, 109109 225225 205211 160176 165165 254254 308310 162162 276278 116116 116120 227227 139143 122122 273273 146146 179179 168173 152161 112115 107113
Lagland_W46, 109109 223225 203203 176184 165165 254254 308310 162166 278278 116116 116116 227227 139139 122125 273273 146150 179179 173178 152152 112115 107113
Lagland_W47, 109109 000000 203213 184184 165167 000000 308308 166166 278279 116116 000000 000000 139139 122122 273273 142146 179179 173173 000000 112115 107107
Lagland_W49, 109109 225225 205213 176184 165165 254258 308310 162162 278278 116116 116116 227227 139143 122125 273273 146146 179179 173178 152161 112112 101107
Lagland_W50, 109109 225225 211213 168176 165165 254258 308310 162162 278278 116116 116116 227227 139139 122125 273273 146146 179179 178178 152152 112115 101111
Pop                     
MtStFrieux_667, 103109 223225 000000 160176 165167 000000 308308 162166 276278 116116 116116 227230 139139 122122 273277 134146 173185 173173 161164 103112 103103
MtStFrieux_665, 103106 223225 203203 168172 165167 258258 308308 162162 276278 116118 116116 230230 139147 122122 277277 146150 179179 173178 152161 112112 103107
MtStFrieux_660, 103106 223223 203207 156168 165167 254254 310310 162166 272276 116118 116116 225227 139143 122122 273273 146179 173179 168173 164164 115115 105109
MtStFrieux_661, 109109 223225 203203 156172 165165 258258 308310 162162 276276 118120 116116 230230 143143 122125 273273 142166 170179 173173 161164 112115 101111
MtStFrieux_662, 109109 223231 203213 168168 167167 258258 310310 162162 276278 116116 116116 227230 143147 122125 273277 134146 179197 178178 161164 112112 107109
MtStFrieux_663, 103103 223223 203203 168168 165165 258258 308310 162162 272278 116118 107116 230230 139143 122122 273277 146150 179182 173173 161161 112118 103105
MtStFrieux_664, 103109 225225 207211 156168 167167 258258 310310 162162 276278 116118 114116 230230 139143 122122 273273 134146 176185 173173 161164 112118 103116
MtStFrieux_656, 106109 223225 203203 168176 165165 254258 308308 162166 272278 116118 116118 230230 143143 122122 277277 142146 182185 173173 152152 112112 103116
MtStFrieux_657, 109109 223225 203203 156172 165167 254262 308310 162166 276278 116118 114116 230230 143143 122122 273277 134134 173182 173178 152164 112118 103105
MtStFrieux_652, 103109 225227 203209 160168 165167 254258 310310 162162 276276 116116 114116 230230 139143 122122 273277 146150 173176 168178 164164 112115 103103
Pop                     
Oosthoekduinen_89, 103106 223223 203211 168168 165167 254258 308310 146166 278278 116116 116116 230230 139143 122125 273277 138142 173179 173178 161164 103112 093107
Oosthoekduinen_90, 106109 223227 203209 156156 167167 258258 308310 146162 278278 116116 116116 230230 143143 122122 273273 146166 170179 178178 161164 103103 105109
Oosthoekduinen_103, 103109 223225 203209 168172 165167 250254 308310 154162 272276 116116 116116 227230 139143 122125 273277 166175 179182 178178 164173 118118 107109
Oosthoekduinen_104, 106109 223223 209213 160168 165165 254258 308310 162162 278278 116118 116120 230230 139143 122125 269273 150150 170194 173173 161161 112118 105107
Oosthoekduinen_99, 103106 223223 203203 168176 163167 254254 308312 162162 276278 116116 116116 227230 139139 122122 273277 142175 173173 173173 164173 112112 105111
Oosthoekduinen_96, 103109 223223 211213 168176 165165 254258 308310 162162 276276 118118 114116 230230 139143 122122 273277 146158 182194 173173 161164 103112 103107
Oosthoekduinen_87, 106109 223225 209211 168184 165167 254258 308310 146154 272276 116116 116116 227230 139143 122125 273277 166175 179182 168178 161164 118118 105109
Oosthoekduinen_G272, 106109 225225 000000 168184 167167 254254 308308 162162 276278 116118 116116 230230 139139 122122 277277 146150 194194 173173 161173 112115 107111
Oosthoekduinen_G273, 000000 223225 000000 156168 000000 254258 308308 000000 278278 116116 116116 230230 139139 122125 273273 142166 173173 173178 000000 112115 000000
Oosthoekduinen_G281, 103106 000000 205205 168172 165165 258258 308308 162162 276276 116116 114114 227230 139143 122122 000000 134146 173179 173178 161164 112112 101107
Pop                     
Oostvoordduinen_T78, 106109 223227 203203 168172 167167 254258 308310 154162 278278 116116 116120 227227 139139 125125 273273 150150 179179 173178 161164 112118 101111
Oostvoordduinen_T83, 103106 223223 203211 168176 163165 254254 308310 162162 276278 116118 116116 230230 139143 122122 273277 142175 173179 168173 161164 112115 103122
Oostvoordduinen_491, 109109 223225 203209 168176 165165 258258 308308 146162 276278 116118 114116 227227 139139 122122 273273 134150 167173 173178 161164 115118 093107
Oostvoordduinen_492, 106109 223225 211213 168168 163167 258258 308310 154166 272276 116118 116116 230230 139139 122125 273273 150166 173173 173178 161164 112115 101105
Oostvoordduinen_496, 103109 225227 199211 168176 165165 254258 308308 162162 276278 116116 114120 227230 139143 122125 273273 150175 179194 173173 161164 112115 103107
Oostvoordduinen_497, 103103 223223 203211 168172 165167 254262 310310 146162 276276 116118 116116 227230 143143 122125 273277 150150 173194 173178 152161 112115 107107
Oostvoordduinen_T86, 103109 223223 209211 156172 165165 254258 310310 162162 276276 116118 116116 227227 139143 122122 273277 150150 173173 168178 161164 115115 109111
Oostvoordduinen_G303, 106106 223223 203213 168176 165165 254258 308308 146154 272276 116116 114116 227227 143143 122125 273277 134146 194194 173178 161164 115115 107109
Oostvoordduinen_G299, 109109 223225 203203 168168 000000 258258 308310 162162 278278 000000 114116 230230 143143 125125 273273 150150 173185 173173 000000 115115 105105
Oostvoordduinen_G300, 106106 223225 209211 172172 165165 254254 308308 146162 276276 116116 114116 230230 139139 122125 273277 142142 179194 178183 161161 115115 107111
Pop                     
Plaatsduinen_440, 106109 227231 207211 176176 165167 258258 308308 146162 276278 116116 116116 230230 143143 122125 273277 142150 173194 173173 164164 112115 103111
Plaatsduinen_442, 106109 223225 203203 168172 165167 254258 308310 162162 272276 116116 116116 227227 139143 122122 273273 142150 167194 168173 164164 103115 101103
Plaatsduinen_443, 103109 225225 203211 160168 165167 258262 308308 162162 272272 116116 116116 227230 143143 122122 273273 142150 173173 173178 164164 103115 099103
Plaatsduinen_444, 103106 223225 203203 176184 165167 254258 308310 162162 276278 116118 116116 227230 139143 122122 273273 134142 167179 173173 164164 112112 107111
Plaatsduinen_457, 106106 223225 209211 168176 167167 254258 310310 162162 276276 116118 114116 227230 139143 122122 273273 142142 173194 168173 161164 112115 105111
Plaatsduinen_458, 103109 223223 203209 168176 165165 250258 308310 162166 276278 116116 114120 227227 139143 122122 273273 146154 167179 173173 161164 112112 103103
Plaatsduinen_459, 106106 225227 203209 168168 165165 258258 310310 162162 278278 116116 116116 227227 143143 122125 273277 150150 170179 173178 164173 103112 105111
Plaatsduinen_G335, 103103 223223 207207 168179 165165 258258 308310 162162 272272 116116 114116 230230 139139 122122 277277 142142 179179 173173 161164 112118 103107
Plaatsduinen_G336, 109109 223223 211211 168179 165167 250254 308310 162162 276276 116118 116116 227230 139139 125125 273273 142142 167179 173173 161173 112112 107107
Plaatsduinen_G338, 106106 223227 203209 156168 165165 254254 308310 162162 276278 116118 114118 227227 139143 122125 273273 134154 179182 173178 161164 115115 107109
Pop                     
Raversijde1_G38, 000000 223227 203203 160172 165165 250258 310312 000000 276278 116116 116116 230230 139143 122125 277277 150150 167167 173173 152164 103112 103105
Raversijde1_G39, 109109 223225 211211 000000 165165 254254 310310 162162 272272 116116 114118 227230 139139 122122 000000 150166 167167 168173 161161 112118 101101
Raversijde1_G40, 106109 225225 207207 168176 163163 250250 000000 154162 278278 118118 116116 000000 139139 000000 273277 134142 173179 000000 161161 103121 103103
Raversijde1_G41, 103103 223223 213213 172172 163163 258258 310310 162162 276276 116116 116116 230230 139139 122122 273273 150150 194194 178178 164164 112112 105105
Raversijde1_G42, 109109 223223 203203 176176 167167 258258 310310 162162 276276 116116 116116 230230 143143 000000 273277 142142 179194 173178 152161 112112 103111
Raversijde1_G43, 109109 223223 209209 168184 000000 254258 308310 162162 276276 000000 116116 227227 139143 122125 277277 150166 179194 173178 000000 112112 105111
Raversijde1_G44, 103106 223223 207211 168176 167167 250254 308310 162162 276278 118118 116116 227227 139143 125125 273273 142146 173194 173173 161161 112112 103105
Raversijde1_G45, 106106 223223 211211 172184 163165 258262 308310 162162 276278 116116 116116 230230 139143 122122 273273 150175 167194 173178 161173 112115 107107
Pop                     
Raversijde2_G253, 103109 000000 000000 184184 167169 000000 310312 146162 276278 116116 000000 227230 139139 125125 000000 000000 000000 173173 164164 115115 103107
Raversijde2_G248, 000000 223223 211211 168168 167167 250250 000000 000000 276276 118118 000000 227227 139143 125125 000000 000000 000000 173173 161161 112112 103105
Raversijde2_G249, 109109 223223 203209 168176 165165 254258 308308 154154 276278 116116 114116 227227 139143 122122 273273 134146 179179 168173 164164 112112 105107
Raversijde2_G250, 106109 223225 211211 168168 165165 254258 000000 162162 276276 118118 116116 230230 143143 122122 273273 142142 170173 173173 152152 112112 103109
Raversijde2_G251, 103106 223225 203209 168184 165167 258258 308308 162162 276276 116116 116120 227227 143143 122125 277277 150166 173173 173173 161161 112112 107107
Raversijde2_G252, 106109 225225 203207 156184 165167 250254 308310 162166 272278 116116 116116 227227 139143 122125 273277 142154 179179 178178 152161 112118 105107
Raversijde2_G254, 109109 225225 203207 176176 165167 250250 310310 162162 276278 116116 116116 230230 139143 122125 273277 142142 179194 173173 152161 112115 103103
Raversijde2_G255, 106109 223227 203203 160184 000000 250250 308310 162162 278278 000000 116116 227227 139143 122125 273273 150150 182194 173178 000000 112112 103107
Raversijde2_G256, 103109 223225 203209 168168 000000 258258 308308 162162 272278 116118 116120 230230 139143 122122 273277 134150 173179 168173 000000 000000 103107
Raversijde2_G257, 103109 223223 207209 160172 167167 254258 308310 162162 276278 116118 116120 227230 143143 122122 273273 134146 194194 173178 161164 112112 103111
Pop                     
Sangatte_687, 103109 223225 203203 168176 165165 254258 308310 162166 272276 118118 114116 227230 139143 122122 273273 150175 179197 173173 161161 115115 103109
Sangatte_688, 109109 223225 203211 168172 165165 254254 308310 162162 276278 118118 116116 227227 139143 122122 273273 134150 179194 173178 152161 112115 101111
Sangatte_689, 103106 223225 203203 176176 165169 254254 308308 158166 272278 116116 114116 227230 143143 122122 273277 175175 179194 168178 164164 112112 103109
Sangatte_672, 103109 223223 203207 168176 165165 254258 308312 154166 278278 116116 116116 227230 139143 122125 273273 000000 170170 173178 161164 112115 093107
Sangatte_673, 103109 223225 211211 176176 163165 254258 308308 162162 276278 116118 114116 230230 139143 122122 273273 134166 179194 173173 152164 112112 093101
Sangatte_683, 109109 223225 203203 168176 165169 258258 310310 162162 278278 116118 116116 227230 139143 122125 273277 134134 173176 178178 161164 112112 105105
Sangatte_684, 109109 223223 203203 160172 165165 258258 308308 162166 278278 116116 114114 227227 139139 122125 273277 150166 173173 168173 164164 112115 109116
Sangatte_677, 103103 225225 203211 156168 169169 254262 308308 154162 276278 116118 120120 227230 139139 122125 273273 146150 179182 173173 161164 103112 101116
Sangatte_675, 103109 223223 207211 168172 163167 254258 308308 162162 276276 116116 114116 225230 139143 122125 273273 134142 170179 178178 152161 115115 107113
Sangatte_676, 106109 223223 203209 156160 165165 258258 308310 162178 276278 118118 116118 227230 143143 122122 273277 150175 173194 173178 161164 112112 105107
Pop                     
Schipgatduinen_T41, 106109 223227 203203 172172 165165 258258 308310 146162 272276 118118 114116 227230 139143 122122 269277 134150 179194 173173 161161 115115 103109
Schipgatduinen_486, 103103 223223 203211 160168 165167 254258 308310 162162 276276 116116 116116 227230 143143 122122 273277 150166 179182 173178 161164 115115 101105
Schipgatduinen_488, 109109 223223 203203 168184 165165 254258 308310 162162 276278 116116 114116 227227 139143 122125 273277 150175 179179 178178 161161 112115 105111
Schipgatduinen_487, 109109 223225 207211 168168 165165 254254 308310 162162 276276 116116 116116 227230 139143 122122 273277 134150 170173 173178 161161 115115 105111
Schipgatduinen_370, 106106 223225 203209 168176 165165 258262 310310 162162 278278 116116 114116 227230 143143 122125 273277 150150 173179 168173 161161 112115 103107
Schipgatduinen_371, 106109 225225 211211 184184 165165 250254 308308 162162 272278 116120 114116 227230 139143 122125 273273 146150 167167 173173 161161 115115 103107
Schipgatduinen_372, 106109 223223 211211 176184 165167 254254 308310 162162 278278 116116 114114 227230 143143 122122 277277 134142 179182 173173 161161 112118 105107
Schipgatduinen_G138, 103109 223223 203211 168172 165165 254258 308308 162162 272276 116118 116116 230230 139139 122122 273277 134142 173173 173178 161164 103112 000000
Schipgatduinen_G140, 106109 223225 203209 168168 165167 254258 308308 146162 000000 116118 116116 227227 139143 122125 273273 000000 179179 173178 161161 112112 000000
Schipgatduinen_G144, 106109 223225 203205 160160 165167 254254 308308 146162 276276 116116 116120 000000 143143 122122 273273 175175 176176 173173 161164 103115 105105
Pop                     
Simliduinen_473, 106106 223227 203203 156172 165167 250254 310310 162170 276276 116116 116116 227230 143143 122122 273273 142142 179194 173178 161170 109112 101103
Simliduinen_478, 109109 223223 203209 168172 163165 258258 308308 166170 272272 116118 116116 227227 143143 122125 273273 142175 173179 178178 152164 112115 103107
Simliduinen_479, 103109 225225 203203 168176 165167 254254 308310 146162 272278 116116 114116 227230 139143 122125 273277 134142 173173 173173 152161 112115 105111
Simliduinen_467, 103103 223225 203211 176179 165169 258258 308310 162170 278278 116116 116116 230230 143147 122125 277277 142166 167182 173178 164164 115118 107109
Simliduinen_469, 106109 225225 203203 156176 163167 254254 308308 146162 276276 116118 116116 230230 139143 122125 273277 150150 173173 173173 161164 103115 101103
Simliduinen_482, 106109 223225 209211 168176 165169 258262 308310 162162 276278 116116 116116 227230 139139 122122 273277 142150 173179 178178 161164 115115 103105
Simliduinen_483, 106109 223225 209211 172184 165167 258258 308308 146162 276278 116118 116116 227230 139143 122125 273277 142150 194194 173183 161173 115115 105113
Simliduinen_465, 106109 223225 207209 168168 167167 254258 308310 162162 272278 116118 116116 230230 143143 122122 273277 142150 179185 173178 161173 112112 105113
Simliduinen_G159, 106106 225227 207207 172176 165165 258258 310310 162162 272276 116116 114118 227230 143143 125125 277277 142142 170185 173178 161161 115115 107109
Simliduinen_G161, 109109 223223 203203 160176 165165 000000 000000 162162 272278 000000 116116 000000 000000 122122 273273 134150 185185 168168 000000 112112 093093
Pop                     
Sint-Laureins1_G91, 000000 223225 203211 176176 165167 254254 310310 146162 276278 116118 116116 230230 143143 122125 273277 142142 167182 178178 152161 115115 093097
Sint-Laureins1_G92, 106109 223223 000000 184184 000000 254254 000000 162162 278278 116116 116118 000000 143143 000000 273273 142150 179179 000000 161161 112115 097097
Sint-Laureins1_G94, 000000 000000 211211 168168 163165 254254 310310 146162 000000 116116 114116 227227 139139 125125 000000 000000 000000 173173 170170 112112 000000
Sint-Laureins1_G95, 000000 223225 000000 156176 165165 258258 308310 146162 276276 000000 116116 000000 139139 122125 000000 134146 179179 000000 164164 112112 000000
Sint-Laureins1_G96, 109109 223223 209209 176184 165167 254254 308310 162162 272276 116116 114120 230230 143143 122125 277277 142150 170173 168173 161164 115118 093107
Sint-Laureins1_G97, 106109 223227 203213 168168 165165 250254 308310 162162 276276 116118 116116 230230 143143 122125 273277 150166 170173 173173 161164 103115 101107
Sint-Laureins1_G329, 106109 223223 205207 000000 165165 258262 000000 162162 000000 116118 114116 227230 000000 122125 273277 000000 167170 173178 152152 000000 107107
Sint-Laureins1_G330, 103106 223223 203211 168179 167167 254254 310310 146162 276276 116118 000000 230230 139143 122122 273277 150175 194194 173178 161164 112115 105107
Sint-Laureins1_G331, 106106 223227 203203 168176 165167 254254 308308 162162 278278 116116 116116 227230 139139 122125 273273 142142 173179 178183 152161 112112 107109
Pop                     
Sint-Laureins2_G84, 109109 225225 203211 176176 165167 254258 308310 162162 000000 118118 116116 227227 143143 122122 273277 134150 173182 173178 152161 103118 000000
Sint-Laureins2_G88, 106109 223223 203203 172172 165165 250250 308312 162162 000000 116118 114116 000000 143143 000000 273273 146150 182194 000000 000000 103103 093109
Sint-Laureins2_G325, 106109 223227 209209 176179 163163 258258 308312 162162 272276 116118 116118 230230 139139 122125 273277 142142 167185 173173 161164 115115 107111
Sint-Laureins2_G326, 103106 223225 199203 168176 165167 254258 308308 162166 272272 116116 114114 227230 139143 122125 273273 134134 167194 173183 164173 115118 107122
Sint-Laureins2_G327, 103106 223227 203209 172184 165167 258258 308310 162170 276278 116116 116116 230230 143143 122122 273277 134150 173182 168168 152161 112115 101103
Sint-Laureins2_G328, 106109 223225 000000 168168 163165 000000 310310 162162 276276 116118 120120 230230 139143 122122 273273 134146 173194 173173 161164 112112 103111
Sint-Laureins2_G89, 000000 223227 203211 176176 165165 258258 000000 162162 276278 116116 116116 230230 139139 125125 273273 150150 000000 000000 161161 112112 105105
Pop                     
Slack_632, 103109 223227 209211 156172 167167 254254 308308 162162 276278 116118 116116 230230 143143 122122 273273 134146 179179 168173 158164 103115 093101
Slack_633, 103109 225225 203211 172172 163165 254254 308308 162166 276278 116118 116116 230230 143143 122122 273277 134146 173179 173173 161161 103115 101109
Slack_635, 103109 225225 203203 172176 165165 254258 308308 162162 276278 116118 116118 225227 139147 122125 273277 134134 176179 173178 161164 112115 099107
Slack_637, 103109 223225 203211 156168 163165 258258 310310 162162 272278 116116 116120 230230 139143 122122 273277 146146 179179 168178 161164 112112 103107
Slack_646, 103103 223225 211211 168176 165165 254254 310310 162166 276278 118118 116118 227230 139139 122122 273273 142146 167179 178178 161164 112112 099109
Slack_647, 103109 225225 203211 168176 165165 258262 308308 162162 276278 116116 116118 230230 139143 122122 273277 146150 167185 173178 158161 115115 103109
Slack_650, 106109 223223 203211 168176 165165 254254 308308 162166 272278 116118 116116 227230 139139 122125 273273 146146 176179 178178 152152 103112 103103
Slack_640, 103109 225227 211211 156172 165167 258262 308310 162162 272276 116118 114116 227227 143143 122122 273277 146150 179179 168178 161164 103112 101111
Slack_642, 103106 223225 203211 176176 163165 254254 308310 162162 276278 116118 114116 230230 143143 122122 273273 134134 179179 173173 158161 112112 103109
Slack_643, 103106 223223 203211 176176 165167 258258 308310 162162 276278 116118 116118 227230 143143 122122 273273 134150 179179 168168 161164 112112 099103
Pop                     
SpanjaardduinenOostende_G153, 109109 225225 203211 172176 165167 254254 308308 146162 278278 116116 116116 230230 139143 122125 273273 142166 182182 173173 158158 112118 000000
SpanjaardduinenOostende_G199, 109109 225225 203203 000000 165165 250258 310310 162162 278278 000000 114116 227230 139139 122125 273277 142142 167173 168173 000000 103118 000000
SpanjaardduinenOostende_G200, 109109 223223 203203 168168 165165 254258 308308 162162 272278 116116 116116 000000 143143 122122 273273 142150 182182 178178 152164 115115 000000
SpanjaardduinenOostende_G147, 109109 223225 203211 160168 167169 254258 308308 162170 272272 116116 116116 227227 143143 122122 277277 134150 173194 173178 161161 103112 105107
SpanjaardduinenOostende_G148, 103109 223225 207207 176184 165167 254258 308310 146178 276276 118118 116118 227230 143143 122122 273277 134134 167173 178178 161161 112118 109109
SpanjaardduinenOostende_G149, 106106 223227 203203 172172 163165 254254 310310 162166 278278 116116 116116 227227 139143 125125 273273 142150 179182 173173 161161 112118 093103
SpanjaardduinenOostende_G150, 103109 225225 203207 176176 165165 250258 308310 162166 276278 116118 116116 227230 139143 122122 273277 175175 194194 173178 164164 112115 103105
SpanjaardduinenOostende_G151, 106106 223225 209211 168172 165167 254254 308308 162162 276278 118118 116116 227227 139139 122122 273273 134175 182185 173173 152152 115115 103109
Pop                     
TerYdeIWVA_407, 109109 223231 209211 168168 163165 254254 308308 162162 276276 116118 116116 227230 143143 122122 273277 150150 179179 178178 161164 115115 107111
TerYdeIWVA_408, 106109 223225 203203 160184 165167 254258 310310 162162 278278 116116 116120 227230 139139 122122 273277 146150 179179 173173 164164 115118 101101
TerYdeIWVA_410, 109109 223223 209211 184184 165167 254258 308310 162162 272278 116116 116116 230230 139143 122125 273277 150175 173194 173173 164164 112115 107107
TerYdeIWVA_411, 106109 223227 203211 156168 165167 254258 308310 162162 276276 116118 114114 230230 139139 122125 273277 142142 173185 173178 161161 112118 103105
TerYdeIWVA_412, 103103 223225 203211 168172 167167 258258 308310 162162 278278 116116 116116 230230 139139 122125 273277 146150 170179 178178 161161 112112 103109
TerYdeIWVA_415, 103109 223223 203211 172176 165165 254254 308310 162162 276276 116116 116120 227227 143143 122122 273277 142150 179179 168173 164173 112115 105107
TerYdeIWVA_G283, 103109 000000 207207 000000 167167 254254 308308 162170 278278 116118 000000 230230 139143 115122 000000 000000 000000 173173 161164 112115 000000
TerYdeIWVA_G284, 106109 225225 203203 172172 165167 254258 308308 146162 276278 116118 116116 227227 143143 122122 273277 150150 173179 178178 161164 112115 000000
TerYdeIWVA_G286, 109109 000000 203209 176176 165165 254258 308310 000000 278278 116118 000000 227230 139143 122125 000000 000000 000000 173183 161161 112112 000000
TerYdeIWVA_G287, 106109 223225 207209 172176 167167 250258 310310 162166 276278 116118 114116 227230 143143 122125 273273 142150 173194 168173 164164 112118 103105
Pop                     
TerYdeWest_382, 109109 223223 203203 160184 165167 254258 308308 146154 278278 116116 116116 230230 139139 122122 273273 150150 185194 173173 161164 103115 101107
TerYdeWest_374, 106109 223223 203211 168176 165167 254258 308308 154162 272278 116116 116116 230230 143143 122122 273277 142150 173179 173173 152161 112115 103109
TerYdeWest_375, 106106 223223 203211 156160 165167 250254 308310 162162 278278 116118 116116 227230 139139 122125 273273 142150 179179 173173 152161 115115 099101
TerYdeWest_377, 103103 223227 203211 160179 165167 254258 308310 162162 276278 116118 116116 227230 139147 125125 273273 146154 182194 168173 161161 112115 103105
TerYdeWest_378, 106109 225225 203207 168168 165165 258262 308310 162162 272276 116118 116116 227230 139143 122122 273277 150175 173173 173178 164164 112112 107107
TerYdeWest_379, 106106 223225 207211 168168 165165 254258 308310 146162 276276 116116 116120 227230 143143 122125 273273 150175 173182 178178 152161 115115 105105
TerYdeWest_381, 106109 223225 203203 168176 165165 258258 308310 146162 276278 116116 114116 230230 139143 122125 273273 150175 167194 168173 161173 112115 107109
TerYdeWest_G100, 000000 223225 203205 168172 000000 254254 310310 146162 276276 116116 114116 227230 139139 119125 277277 142150 173182 173173 000000 112115 000000
TerYdeWest_G103, 106109 223225 203203 176176 165167 258258 308310 162162 278278 116116 114116 227230 139139 122122 273273 134150 182194 168178 161164 112115 107107
TerYdeWest_G104, 103109 223225 203207 000000 165167 254254 308308 162162 000000 116118 116116 227230 000000 122125 277277 134154 167173 173178 161164 000000 105105
Pop                     
Tropiflora_31, 106109 223227 203211 000000 165165 254258 308308 162170 000000 116118 116118 227227 000000 122125 273273 134142 167179 173183 161161 112112 105109
Tropiflora_19, 109109 223223 203203 168176 165165 262262 310310 162162 276276 116116 116116 230230 143143 122122 273273 150150 167194 168173 164164 112115 101107
Tropiflora_21, 103103 225225 209211 168168 165167 254262 308310 162162 276278 118118 116116 230230 139143 122122 273277 142146 170179 168173 164164 112115 101111
Tropiflora_23, 103109 223223 203207 156160 165167 254258 308310 162162 278278 116116 116116 227230 139143 122122 273277 142146 167179 168178 161164 103103 093103
Tropiflora_25, 103109 223225 203211 168184 167167 254262 308308 162162 272278 116116 116116 230230 139139 122125 273273 134142 167182 168173 161164 115115 101109
Tropiflora_26, 106109 223225 207211 179184 165165 254254 308308 162162 276278 116116 116116 227230 143143 122122 273277 146150 173194 178178 164164 115115 103105
Tropiflora_36, 106106 223225 209211 168176 163165 250254 308310 162162 272278 116118 116116 230230 143143 122122 273277 134142 179194 173178 161164 112112 093111
Tropiflora_G3, 103109 223225 207207 000000 165165 258258 000000 162162 276278 116118 116116 000000 139139 122122 273273 150150 167194 000000 161173 115115 000000
Tropiflora_G5, 103109 225225 211211 176176 165165 254254 308308 146162 278278 116116 120120 230230 139139 115122 277277 150150 173173 178178 000000 103103 109109
Tropiflora_G17, 103109 223227 203211 176179 165169 254254 308308 146162 276276 116116 116116 227230 139143 122125 273277 142166 170179 178178 161161 103112 093109
Pop                     
Veurne_569, 103109 223225 209211 168172 165169 254258 308308 162170 276278 116118 116120 227230 143143 122122 273277 142146 173173 173178 152164 115115 103109
Veurne_551, 109109 223225 211211 172176 163165 254258 308308 162162 272278 116116 116116 227230 139143 122125 273277 142150 179194 173183 161164 112112 103111
Veurne_552, 103106 225225 203209 168168 167167 258258 308310 162162 276276 116118 114116 230230 139139 122122 273273 146150 185194 173178 161164 112112 107107
Veurne_553, 106106 227227 209213 168176 165167 258258 308310 146162 276278 116118 116116 227227 139143 122125 273273 134142 179185 173183 152164 112115 107111
Veurne_554, 106106 223223 203207 176184 167167 254258 308310 162162 272276 118118 116116 230230 139139 122125 273273 134175 194194 173173 161161 112115 109109
Veurne_558, 103103 223223 207207 168168 165165 254254 308308 162162 278278 118118 116116 230230 143143 125125 277277 166166 179179 178178 164164 103103 107107
Veurne_559, 106109 223223 203203 156168 165165 254258 308310 162162 272278 116116 116116 230230 139139 122122 273277 146150 173179 168173 161161 103112 107107
Veurne_561, 106109 225225 203211 160184 163167 258258 310310 162162 276276 116116 116118 230230 139139 122122 273273 134146 167179 173173 164164 115115 107107
Veurne_562, 109109 225225 203203 176176 163165 258258 308308 162162 276276 118118 116116 227230 139143 122122 273273 134150 173194 178183 152161 115115 103103
Veurne_563, 106106 223225 203211 168172 163167 250258 308310 146162 276276 116116 116116 227227 143143 122122 273277 134166 167179 173173 164164 112115 103111
Pop                     
Vloethemveld-Noord_F16, 103103 223227 203211 168184 165165 258258 308310 162166 272278 118120 116118 230230 139139 122122 277277 146146 173179 173183 164164 115115 111111
Vloethemveld-Noord_F17, 103109 225225 203203 176176 165167 254258 308308 162162 278278 116120 114120 230230 139139 122122 277277 142150 167173 173173 164164 115115 111111
Vloethemveld-Noord_F18, 109109 223225 203211 176176 165165 254258 308308 162162 272278 116120 114116 227230 139139 122122 273273 146175 167179 173178 161164 118118 111111
Vloethemveld-Noord_F19, 103109 225225 209211 176176 165165 254258 308308 162162 278278 116116 116116 230230 139143 122122 273277 146146 173179 173178 161164 115118 103105
Vloethemveld-Noord_F20, 106109 225225 203203 168168 167169 258258 310310 162170 272272 116116 116116 230230 139139 122125 273277 134146 182194 173173 161161 112115 109109
Vloethemveld-Noord_F34, 103109 225225 000000 172176 165167 258258 308308 162162 276276 116116 116116 230230 139143 122122 273277 146150 173179 173173 161161 112112 093093
Vloethemveld-Noord_F35, 109109 223223 209211 168168 165165 254258 308310 162174 276278 116120 116116 230230 139143 122122 273277 142158 167167 173173 164173 118118 103111
Vloethemveld-Noord_F37, 103106 223225 211211 168176 165167 258262 308308 146162 276278 116120 116116 230230 139139 122122 277277 142150 167167 178178 164164 112115 111111
Vloethemveld-Noord_F38, 103103 223227 203211 168176 165165 254258 308310 146162 276278 120120 116120 230230 139139 122122 273277 150158 167167 173173 161164 118118 109111
Pop                     
Vloethemveld-Zuid_F28, 103103 225227 000000 168168 165165 254258 000000 000000 278278 118120 116116 000000 139139 000000 273277 134150 179194 000000 164164 118118 109109
Vloethemveld-Zuid_F23, 103106 223223 211211 184184 163167 258258 308308 162162 276278 116116 116116 230230 139139 122122 273273 142146 167179 173173 158164 112118 105107
Vloethemveld-Zuid_F24, 109109 225225 201203 168176 163165 262262 308312 162162 276276 116120 107116 230230 139143 122122 277277 142146 173194 173173 161161 112118 000000
Vloethemveld-Zuid_F25, 103109 223223 203211 176176 163165 254258 308310 162162 278278 116116 114120 230230 139143 122125 273277 146146 167167 173183 161173 112115 101111
Vloethemveld-Zuid_F26, 103103 225227 211211 168184 165165 254258 310310 162162 278278 116116 000000 230230 139139 125125 273273 134146 167167 168173 161173 103115 107111
Vloethemveld-Zuid_F27, 103106 223223 205211 176176 165167 258258 308310 146162 276278 000000 116116 227230 143143 122122 273273 142158 194194 168173 164164 118118 103111
Vloethemveld-Zuid_F29, 103106 223223 203209 168168 163165 254254 308308 162162 272272 116118 116116 227230 143143 122125 273277 142158 167194 173178 161161 112112 101103
Vloethemveld-Zuid_F31, 106109 223227 203205 168176 165165 254254 308310 162162 000000 116116 114116 230230 000000 122122 273273 146150 173173 173183 161161 000000 093107
Vloethemveld-Zuid_F32, 109109 223227 203211 168176 163163 254258 308310 162162 276278 116116 116116 230230 143143 122122 273273 146146 167179 173173 164164 118118 103107
Vloethemveld-Zuid_F33, 103109 223223 209211 168176 165165 254258 308308 162162 276278 116116 116120 230230 139143 122122 273277 142146 173179 173173 164173 112118 101101
Pop                     
WarandeduinenMiddelkerke_G117, 000000 225225 211211 184184 165167 254254 000000 146162 000000 116116 116116 230230 143143 122125 273273 000000 173173 168168 161161 115115 097097
WarandeduinenMiddelkerke_G324, 121121 223223 203203 160168 165167 254254 310310 000000 272278 118118 116118 230230 139143 122122 273273 142150 182182 178178 152164 112112 103107
WarandeduinenMiddelkerke_G122, 103109 223225 203209 168184 167169 254254 308308 154162 272278 116118 116116 227230 139143 122125 273273 150175 179194 173173 164164 112115 000000
WarandeduinenMiddelkerke_G123, 106109 225227 203203 156184 165165 254258 308312 162162 272272 116116 116116 230230 139143 122122 273273 150150 173182 173173 161164 112112 103109
WarandeduinenMiddelkerke_G124, 106109 223225 203211 160179 165169 258258 308310 162162 272276 116116 114116 227227 139139 122122 273277 150158 173173 173173 164164 112115 093107
WarandeduinenMiddelkerke_G322, 106109 223223 209211 168184 167167 250258 308308 162170 272278 116118 116116 227227 139143 122122 273277 142146 173182 173178 164164 112118 093107
WarandeduinenMiddelkerke_G323, 109109 223223 203209 168168 167169 258262 308310 146162 272278 116116 116120 227227 139143 122125 273273 150150 167194 183183 152161 103118 105105
Pop                     
WesthoekNO_140, 103109 223231 203203 172172 165167 254258 308310 146162 278278 116118 116116 227230 139143 125125 273273 142146 167173 173173 152164 112115 107109
WesthoekNO_144, 103103 225227 203203 168184 165165 254258 308310 162162 278278 116116 116116 230230 139139 122122 273273 150175 179179 173178 161164 112112 105107
WesthoekNO_146, 106109 223223 209211 160168 163165 258258 310310 146154 272278 116118 116116 230230 143143 122125 273273 142142 167170 178178 152164 103115 105111
WesthoekNO_148, 103103 223225 203207 156176 165165 254254 308310 166166 276278 116116 116116 227227 139143 122125 273273 134150 173182 173173 161164 112112 093103
WesthoekNO_149, 106109 223223 203211 168176 167167 258258 308308 162162 272278 118118 116118 230230 143143 122122 273277 142166 173194 173178 161164 112115 103107
WesthoekNO_152, 106109 223225 211211 160168 165167 254258 308310 162162 276278 118118 116116 230230 139143 122125 277277 150154 167179 173178 161164 112112 105109
WesthoekNO_166, 109109 223225 203211 168172 165167 250258 308308 162166 272278 118118 114116 227227 139143 122125 273277 142146 170173 168173 161164 112112 103109
WesthoekNO_G8, 097109 000000 203211 168176 165165 258258 308308 000000 272278 116118 000000 227227 139139 122125 000000 000000 000000 173173 164164 112115 000000
WesthoekNO_G10, 097109 223223 203209 176184 165167 258258 308308 146162 272276 116118 116116 000000 139143 122122 277277 146146 173182 168178 161161 112115 101101
WesthoekNO_G12, 103106 000000 203205 168172 165165 254258 310310 162162 272278 116116 000000 230230 143143 122122 273273 000000 000000 168178 164164 112112 107122
Pop                     
WesthoekOost_529, 109109 223223 203211 160168 165165 250254 308312 146162 276278 116118 116116 227230 139143 122125 277277 150175 179179 183183 152161 112115 103107
WesthoekOost_535, 103109 223223 203211 184184 163167 254258 310312 162162 276278 118118 116120 227230 139143 122125 273273 142150 173179 173173 164164 112115 099101
WesthoekOost_542, 103106 223225 203211 168176 165165 254258 310310 162162 272278 116116 114116 230230 139143 122125 273277 142150 185194 178178 152161 112118 105109
WesthoekOost_540, 106106 223223 203211 160168 165167 254254 308310 162162 278278 118118 114116 227227 139143 122125 273273 142150 170173 173173 164164 112115 107107
WesthoekOost_530, 106109 223225 209211 176184 165165 254258 308310 162162 276278 116116 116116 230230 139143 122122 273277 142150 182194 183183 161161 103112 103103
WesthoekOost_533, 103106 223225 203211 160179 165167 254258 310310 162166 276278 116116 116116 230230 139143 122125 273273 134150 173194 168173 161164 103103 103109
WesthoekOost_G109, 000000 223223 203213 176176 165167 254258 310310 146162 272276 118118 120120 227227 139143 122125 273273 142150 167173 173173 161161 112115 101109
WesthoekOost_G110, 109109 225225 203211 172176 165167 258258 000000 146162 000000 116116 116116 000000 139143 122125 273273 142142 000000 168173 000000 115115 000000
WesthoekOost_G111, 000000 223223 203211 000000 165165 254258 308312 146162 000000 116116 116116 227230 000000 122125 273273 134142 182194 173178 164164 000000 097097
WesthoekOost_G115, 106109 225227 203209 160176 165167 254254 308310 162162 272278 116116 116116 230230 139143 122125 273277 146154 185194 178178 164164 115115 101105
Pop                     
Westhoekvissersdorp_226, 106109 223223 203203 176184 165167 254254 308308 146154 272278 116116 114116 230230 139139 125125 273273 142150 170173 173178 161164 115115 109109
Westhoekvissersdorp_228, 103106 223225 203211 156176 165165 254258 308308 146162 278278 116116 114116 227230 143143 125125 273273 142154 173173 173173 164164 112115 105109
Westhoekvissersdorp_229, 106109 223223 203211 168184 165167 258258 308310 162162 276278 116116 116118 227230 139139 122125 273273 142150 173179 178178 161161 112112 103105
Westhoekvissersdorp_224, 103103 223223 203203 160176 165165 254258 308310 146162 276276 116116 116116 227230 139143 122125 273277 134138 179179 173173 152164 112118 107116
Westhoekvissersdorp_222, 106109 225225 203209 168172 163169 254254 308308 162162 276276 116116 116116 227230 143143 122125 273273 134175 179185 168173 152164 112115 107107
Westhoekvissersdorp_T12, 106109 223223 211211 168176 165167 258258 308310 162170 276276 116118 116116 227230 139143 125125 273277 146175 179194 168178 164164 115115 103103
Westhoekvissersdorp_T14, 106109 223225 203203 168176 165165 254258 308310 162162 272278 116118 114116 227230 143143 125125 273277 142150 167179 168178 161173 112115 103105
Westhoekvissersdorp_220, 103103 223223 203203 168184 165165 254258 308310 162162 272276 116116 120120 227227 143143 125125 273277 146150 179179 168173 152164 112115 107107
Westhoekvissersdorp_221, 109109 223223 203203 172184 163169 254254 308310 162162 272278 116116 116116 227227 139143 122125 273273 142150 179185 168178 164164 112112 107109
Westhoekvissersdorp_G193, 109109 000000 203203 176176 165167 254254 308310 146162 272272 116116 000000 230230 143143 122125 000000 000000 000000 168168 161161 103112 097097
Pop                     
WesthoekZuid_9, 103109 223223 203211 156184 165165 254258 308310 162162 272278 116116 116116 227230 139139 122122 273273 142142 173182 173173 161164 112112 093103
WesthoekZuid_11, 106109 225225 203203 160168 165169 258258 308308 162162 276278 116118 114116 230230 139143 122122 273273 146150 170179 173178 161161 112115 111111
WesthoekZuid_12, 103109 225225 207209 168184 165165 254258 310312 162162 276278 116116 116116 227230 139143 122122 273277 150150 179185 173173 152173 112118 093111
WesthoekZuid_14, 103109 225227 203211 172184 165167 254254 308308 162162 276278 118118 116116 227230 143143 125125 277277 134142 179179 173173 161161 112115 105109
WesthoekZuid_108, 106109 225227 207211 176184 165165 254254 308308 162162 276278 116116 116120 227230 143143 122122 273273 142142 173179 178178 161161 112115 103105
WesthoekZuid_111, 109109 223223 207209 168184 165169 254254 310310 162162 278278 116118 116116 227230 139143 122125 273277 146150 173194 173173 161164 112112 105107
WesthoekZuid_G261, 103109 223223 209209 000000 167167 254258 308310 000000 276278 116116 116116 230230 000000 122125 273277 000000 182182 178178 000000 112115 000000
WesthoekZuid_G265, 000000 223225 203203 168176 165165 254254 308308 000000 276278 116118 114116 227230 139143 122122 273273 134142 173173 168168 152161 115115 000000
WesthoekZuid_G267, 109109 223223 205211 168168 165165 250254 310310 162162 276278 116116 116120 227230 143143 122122 273277 134150 182194 173173 161173 112115 093107
WesthoekZuid_G270, 106109 223225 203207 168176 165165 258258 308308 162162 272278 118118 116116 227227 139143 122122 273273 142175 173173 173178 161173 112112 111111
Pop                     
Wetteren_548, 106106 223225 203203 168172 163165 254254 308308 146162 272276 116118 116116 230230 139143 125125 277277 142142 179194 173173 152161 115118 105109
Wetteren_118, 103109 223223 203203 176179 165165 254258 308308 146154 278278 116118 116120 227230 139143 122125 273273 142150 167185 173173 164164 112115 105107
Wetteren_120, 103103 225225 203203 156172 167167 258258 308312 162162 276278 116116 116116 230230 143143 122125 273277 142142 167194 173173 164164 112115 103111
Wetteren_F11, 106106 225225 203203 172176 163165 254254 308310 146162 272278 116116 116116 230230 143143 125125 273277 142142 179179 173173 161161 115115 107109
Wetteren_F3, 106106 225225 203207 172176 163167 254262 308308 146162 272276 116116 116116 230230 139143 122125 273277 142142 167179 173173 161164 112115 109109
Wetteren_P20, 103109 223225 203205 172172 165167 254254 308308 146146 272276 116116 116116 230230 139143 122125 277277 142142 179194 168173 161164 112118 107107
Wetteren_F13, 103109 225225 203203 000000 165167 258258 308312 146162 000000 116116 116116 230230 000000 122122 273277 142142 194194 173173 000000 000000 103109
Wetteren_F14, 103106 223223 203203 172172 163167 254254 308308 146146 272278 116116 116116 230230 143143 125125 273277 142142 179194 173173 161161 112118 107109
Wetteren_F15, 103109 223225 203203 172172 165167 254258 308312 162162 276278 116116 116116 230230 139143 122125 277277 142142 167194 173173 164164 112115 107109
Wetteren_F6, 103106 223223 203207 172176 163165 254254 308308 154162 272278 116118 116116 227230 143143 122125 277277 142150 167179 168178 161164 115115 109109
Pop                     
WitteBurg_339, 109109 225225 203211 168172 165165 254254 308310 146162 278278 116116 116116 227230 139143 122122 273277 134154 182194 168178 161164 115115 103103
WitteBurg_T26, 106106 225225 209209 160176 163163 254254 308312 146162 276278 116116 116118 230230 139143 122125 273273 142150 173185 173173 161164 115115 105107
WitteBurg_T29, 106106 223225 203207 168172 165165 254258 308310 146146 276278 116118 116118 227227 139139 122125 273273 150150 173173 173178 164164 112115 105109
WitteBurg_T31, 106109 223223 203209 168184 165165 254254 310312 162162 272278 116118 114116 227227 139143 122125 273277 142150 179194 178183 161164 112115 105107
WitteBurg_356, 103103 223225 203211 168172 167167 254258 308310 162162 276278 116116 116116 227227 139139 122125 273273 142146 173194 173173 152164 112115 103107
WitteBurg_357, 103109 223225 203211 156184 165167 258258 308310 162170 276276 116118 116116 227230 139143 122125 273273 150175 167185 168173 161161 112118 103107
WitteBurg_358, 103109 223223 199203 168172 165167 254258 308310 162178 276278 116118 114116 227227 143143 122125 273277 138142 179194 173178 161164 112115 103111
WitteBurg_354, 103106 225227 209211 176176 163165 258258 308310 162166 272278 116116 116116 227230 139143 122122 273277 150150 173179 173183 161161 112112 107107
WitteBurg_G216, 000000 223225 203203 168184 163165 258258 308310 000000 272272 116118 116116 230230 139143 122122 273273 146150 182194 178178 161161 112112 000000
WitteBurg_G217, 106109 223225 203211 156156 165165 254258 308310 146162 272272 116116 116120 227227 139139 122125 273273 134150 173173 173178 161161 112115 000000
Pop                     
Zwinbosjes_596, 103106 223223 203203 160160 165167 258258 308310 162162 278278 116116 114120 230230 139139 122122 273273 142146 179179 173173 161164 112115 093111
Zwinbosjes_616, 103109 223227 203209 156168 165165 254254 308310 162166 276276 116116 114114 230230 139143 122122 277277 142150 173179 168178 161161 112115 109116
Zwinbosjes_599, 103103 223227 203209 160168 167167 254258 308310 162166 276276 116116 116118 227227 139139 122125 277277 134150 179179 168168 161161 112112 093109
Zwinbosjes_606, 103106 225227 203209 176179 165167 258258 308310 162166 272276 116116 118120 230230 139143 122125 273277 134138 173179 168168 161161 112112 103116
Zwinbosjes_605, 103103 223223 203203 156176 165165 254258 310310 162162 276276 116116 116118 230230 139147 122122 277277 142150 173179 168183 161161 112115 099105
Zwinbosjes_611, 103103 223227 203211 168176 165167 254258 308310 162166 276278 116116 114116 230230 143147 122125 273277 142150 173179 168173 161164 103112 101103
Zwinbosjes_G64, 106109 000000 203203 176176 165165 254254 310310 158162 276276 116116 114114 227230 135139 125125 000000 000000 000000 178178 161161 112112 097097
Zwinbosjes_G238, 109109 000000 203211 000000 167167 258258 308312 162162 000000 116118 116120 000000 139147 125125 273273 146146 000000 000000 161161 112112 000000
Zwinbosjes_G65, 103106 223223 203205 176176 167167 258258 310310 162162 276276 116116 118118 227230 139143 122125 277277 150150 179185 168173 152161 112112 103105
Zwinbosjes_G246, 103106 227227 203205 168176 165167 250258 308308 162166 276276 116116 120120 227227 139143 122122 277277 142146 173179 178183 161161 112115 103105
Pop                     
Zwinbosjes-grazed_G229, 000000 225225 205205 168176 163163 254258 308310 162166 276278 116116 116118 230230 135139 122122 277277 142146 179179 173178 164164 112112 000000
Zwinbosjes-grazed_G230, 000000 223227 211211 000000 163165 258258 310310 000000 000000 116116 114114 230230 000000 122122 277277 134142 179179 173173 161164 115115 000000
Zwinbosjes-grazed_G231, 000000 223223 203203 176176 165167 258258 310312 162162 272276 116116 116116 000000 139143 122122 277277 134134 179179 168168 000000 112115 000000
Zwinbosjes-grazed_G232, 106109 223223 203207 168176 167167 254254 310310 000000 276276 116116 116120 227230 143143 122125 273277 134150 179185 173173 161161 112115 097097
Zwinbosjes-grazed_G233, 103103 223225 203209 168168 165167 250258 308310 162162 272276 116116 114116 227230 139143 122122 273277 138142 179179 173178 161161 112112 103105
Zwinbosjes-grazed_G234, 103103 223223 203203 168176 165165 254254 308312 162162 272276 116116 114116 227230 139143 122125 273277 142150 173179 173178 161161 112115 105111
Zwinbosjes-grazed_G235, 103109 223223 203203 176179 165165 254254 308308 162162 278278 116116 114114 227227 139143 122122 273277 134142 173179 168173 164164 112115 101111
Zwinbosjes-grazed_G236, 103103 223225 205209 168176 165167 254258 308310 162162 276278 116116 116116 227230 139143 122122 273273 146146 173173 168173 158164 112112 105105
Zwinbosjes-grazed_G237, 103103 223227 203203 176179 165165 258258 308310 162162 272278 116116 114116 227227 139143 122122 273277 142150 179185 183183 158161 112112 000000
